<?xml version="1.0" encoding="utf-8"?>
<COLLADA xmlns="http://www.collada.org/2005/11/COLLADASchema" version="1.4.1">
  <asset><contributor><author>Mixamo</author><authoring_tool>COLLADA Mixamo exporter</authoring_tool><comments></comments></contributor><created>2018-10-08T17:22:55Z</created><modified>2018-10-08T17:22:55Z</modified><revision></revision><title></title><unit meter="0.010000"/><up_axis>Y_UP</up_axis></asset>
  <library_animations>
    <animation id="mixamorig_Hips-anim" name="mixamorig_Hips"><source id="mixamorig_Hips-Matrix-animation-input"><float_array id="mixamorig_Hips-Matrix-animation-input-array" count="29">

0.000000 0.033333 0.066667 0.100000 0.133333 0.166667 0.200000 0.233333 0.266667 0.300000 0.333333 0.366667 0.400000 0.433333 0.466667 0.500000
0.533333 0.566667 0.600000 0.633333 0.666667 0.700000 0.733333 0.766667 0.800000 0.833333 0.866667 0.900000 0.933333</float_array><technique_common><accessor source="#mixamorig_Hips-Matrix-animation-input-array" count="29"><param name="TIME" type="float"/></accessor></technique_common></source><source id="mixamorig_Hips-Matrix-animation-output-transform"><float_array id="mixamorig_Hips-Matrix-animation-output-transform-array" count="464">

0.992421 0.047474 0.113341 0.230474 -0.055107 0.996350 0.065192 98.996414 -0.109832 -0.070943 0.991415 -0.177018 0.000000 0.000000 0.000000 1.000000
0.995919 0.050551 0.074770 0.823279 -0.055223 0.996559 0.061805 98.790245 -0.071389 -0.065681 0.995284 -0.541786 0.000000 0.000000 0.000000 1.000000
0.997855 0.053119 0.038264 2.228497 -0.055269 0.996815 0.057499 98.404213 -0.035088 -0.059491 0.997612 -1.297270 0.000000 0.000000 0.000000 1.000000
0.998479 0.055061 0.002856 4.094108 -0.055135 0.997086 0.052720 98.127174 0.000055 -0.052798 0.998605 -1.940366 0.000000 0.000000 0.000000 1.000000
0.997786 0.058094 -0.032381 6.080952 -0.056508 0.997252 0.047903 98.135208 0.035075 -0.045967 0.998327 -2.535896 0.000000 0.000000 0.000000 1.000000
0.995791 0.060880 -0.068513 7.753173 -0.057985 0.997370 0.043484 98.210678 0.070980 -0.039329 0.996702 -3.074433 0.000000 0.000000 0.000000 1.000000
0.992303 0.063117 -0.106537 8.999615 -0.059162 0.997451 0.039891 98.163719 0.108784 -0.033282 0.993508 -3.479605 0.000000 0.000000 0.000000 1.000000
0.986937 0.065011 -0.147410 9.990551 -0.060098 0.997486 0.037545 98.019577 0.149480 -0.028195 0.988363 -3.781045 0.000000 0.000000 0.000000 1.000000
0.979144 0.066311 -0.192039 10.738288 -0.060326 0.997498 0.036852 97.845062 0.194002 -0.024498 0.980695 -4.072690 0.000000 0.000000 0.000000 1.000000
0.968118 0.067676 -0.241180 11.253614 -0.060211 0.997455 0.038195 97.696404 0.243151 -0.022456 0.969729 -4.392278 0.000000 0.000000 0.000000 1.000000
0.950699 0.068869 -0.302370 11.519278 -0.058041 0.997315 0.044661 97.639008 0.304634 -0.024910 0.952144 -4.829075 0.000000 0.000000 0.000000 1.000000
0.929609 0.072169 -0.361413 11.444699 -0.056387 0.996945 0.054040 97.692741 0.364209 -0.029857 0.930838 -5.462025 0.000000 0.000000 0.000000 1.000000
0.906890 0.078238 -0.414039 11.077891 -0.057755 0.996417 0.061782 97.757988 0.417390 -0.032117 0.908160 -6.259085 0.000000 0.000000 0.000000 1.000000
0.876318 0.088049 -0.473618 10.701191 -0.063284 0.995675 0.068012 97.683250 0.477558 -0.029627 0.878100 -7.107153 0.000000 0.000000 0.000000 1.000000
0.833169 0.094575 -0.544872 10.383680 -0.063110 0.995092 0.076220 97.571465 0.549406 -0.029118 0.835048 -7.893507 0.000000 0.000000 0.000000 1.000000
0.773296 0.096682 -0.626630 10.053070 -0.054435 0.994780 0.086309 97.567886 0.631704 -0.032632 0.774522 -8.550430 0.000000 0.000000 0.000000 1.000000
0.689579 0.095079 -0.717942 9.731423 -0.040106 0.994837 0.093228 97.772659 0.723099 -0.035494 0.689832 -8.956294 0.000000 0.000000 0.000000 1.000000
0.583547 0.095069 -0.806495 9.416868 -0.028129 0.994894 0.096924 98.043877 0.811592 -0.033874 0.583242 -9.002244 0.000000 0.000000 0.000000 1.000000
0.464455 0.097188 -0.880247 9.008146 -0.017927 0.994788 0.100376 98.331650 0.885415 -0.030840 0.463777 -8.700209 0.000000 0.000000 0.000000 1.000000
0.354435 0.096822 -0.930055 8.430802 -0.010183 0.994966 0.099699 98.636940 0.935025 -0.025866 0.353636 -8.178590 0.000000 0.000000 0.000000 1.000000
0.279941 0.094789 -0.955326 7.692554 -0.010857 0.995363 0.095580 98.840134 0.959956 -0.016385 0.279672 -7.455035 0.000000 0.000000 0.000000 1.000000
0.220204 0.091986 -0.971107 6.746048 -0.013907 0.995739 0.091166 98.901718 0.975355 -0.006570 0.220545 -6.582579 0.000000 0.000000 0.000000 1.000000
0.166290 0.088507 -0.982097 5.588278 -0.017469 0.996072 0.086809 98.812050 0.985922 0.002721 0.167182 -5.571216 0.000000 0.000000 0.000000 1.000000
0.117092 0.084436 -0.989525 4.313449 -0.020582 0.996371 0.082585 98.545609 0.992908 0.010697 0.118405 -4.475894 0.000000 0.000000 0.000000 1.000000
0.071024 0.080224 -0.994243 3.114395 -0.026088 0.996569 0.078549 98.373642 0.997133 0.020359 0.072873 -3.391833 0.000000 0.000000 0.000000 1.000000
0.026746 0.075633 -0.996777 2.072430 -0.032773 0.996664 0.074745 98.481590 0.999105 0.030669 0.029136 -2.382742 0.000000 0.000000 0.000000 1.000000
-0.021540 0.070135 -0.997305 1.209652 -0.041002 0.996635 0.070973 98.703568 0.998927 0.042420 -0.018592 -1.363003 0.000000 0.000000 0.000000 1.000000
-0.080463 0.062816 -0.994776 0.463706 -0.050318 0.996484 0.066994 98.897324 0.995487 0.055446 -0.077019 -0.269725 0.000000 0.000000 0.000000 1.000000
-0.110017 0.058831 -0.992187 0.122527 -0.055136 0.996348 0.065192 98.995117 0.992399 0.061878 -0.106371 0.263427 0.000000 0.000000 0.000000 1.000000</float_array><technique_common><accessor source="#mixamorig_Hips-Matrix-animation-output-transform-array" count="29" stride="16"><param type="float4x4"/></accessor></technique_common></source><source id="mixamorig_Hips-Interpolations"><Name_array id="mixamorig_Hips-Interpolations-array" count="29">
 LINEAR LINEAR LINEAR LINEAR LINEAR LINEAR LINEAR LINEAR LINEAR LINEAR LINEAR
LINEAR LINEAR LINEAR LINEAR LINEAR LINEAR LINEAR LINEAR LINEAR LINEAR LINEAR LINEAR
LINEAR LINEAR LINEAR LINEAR LINEAR LINEAR</Name_array><technique_common><accessor source="#mixamorig_Hips-Interpolations-array" count="29"><param type="name"/></accessor></technique_common></source><sampler id="mixamorig_Hips-Matrix-animation-transform"><input semantic="INPUT" source="#mixamorig_Hips-Matrix-animation-input"/><input semantic="OUTPUT" source="#mixamorig_Hips-Matrix-animation-output-transform"/><input semantic="INTERPOLATION" source="#mixamorig_Hips-Interpolations"/></sampler><channel source="#mixamorig_Hips-Matrix-animation-transform" target="mixamorig_Hips/matrix"/></animation>
    <animation id="mixamorig_Spine-anim" name="mixamorig_Spine"><source id="mixamorig_Spine-Matrix-animation-input"><float_array id="mixamorig_Spine-Matrix-animation-input-array" count="29">

0.000000 0.033333 0.066667 0.100000 0.133333 0.166667 0.200000 0.233333 0.266667 0.300000 0.333333 0.366667 0.400000 0.433333 0.466667 0.500000
0.533333 0.566667 0.600000 0.633333 0.666667 0.700000 0.733333 0.766667 0.800000 0.833333 0.866667 0.900000 0.933333</float_array><technique_common><accessor source="#mixamorig_Spine-Matrix-animation-input-array" count="29"><param name="TIME" type="float"/></accessor></technique_common></source><source id="mixamorig_Spine-Matrix-animation-output-transform"><float_array id="mixamorig_Spine-Matrix-animation-output-transform-array" count="464">

0.998704 -0.043267 0.026785 -0.000000 0.044753 0.997336 -0.057607 9.923500 -0.024222 0.058731 0.997980 -1.227300 0.000000 0.000000 0.000000 1.000000
0.998944 -0.039861 0.022866 0.000000 0.041164 0.997369 -0.059675 9.923500 -0.020427 0.060553 0.997956 -1.227300 0.000000 0.000000 0.000000 1.000000
0.999193 -0.034977 0.019742 0.000000 0.036139 0.997424 -0.061967 9.923500 -0.017524 0.062630 0.997883 -1.227300 0.000000 0.000000 0.000000 1.000000
0.999272 -0.034221 0.016837 -0.000000 0.035236 0.997314 -0.064207 9.923500 -0.014595 0.064754 0.997795 -1.227300 0.000000 0.000000 0.000000 1.000000
0.999044 -0.041450 0.013881 -0.000000 0.042278 0.996929 -0.065925 9.923500 -0.011106 0.066449 0.997728 -1.227300 0.000000 0.000000 0.000000 1.000000
0.998659 -0.050710 0.010462 0.000000 0.051295 0.996473 -0.066414 9.923500 -0.007057 0.066861 0.997737 -1.227300 0.000000 0.000000 0.000000 1.000000
0.998472 -0.054941 0.005991 -0.000000 0.055215 0.996346 -0.065159 9.923500 -0.002389 0.065391 0.997857 -1.227300 0.000000 0.000000 0.000000 1.000000
0.998476 -0.055162 0.001942 0.000000 0.055176 0.996533 -0.062275 9.923500 0.001500 0.062287 0.998057 -1.227300 0.000000 0.000000 0.000000 1.000000
0.998521 -0.054369 0.000403 0.000000 0.054299 0.996795 -0.058744 9.923500 0.002792 0.058679 0.998273 -1.227300 0.000000 0.000000 0.000000 1.000000
0.998563 -0.053587 -0.000593 0.000000 0.053470 0.997003 -0.055905 9.923500 0.003587 0.055793 0.998436 -1.227300 0.000000 0.000000 0.000000 1.000000
0.998535 -0.053982 -0.003775 0.000000 0.053703 0.997115 -0.053651 9.923500 0.006660 0.053369 0.998553 -1.227300 0.000000 0.000000 0.000000 1.000000
0.998484 -0.054306 -0.009012 0.000000 0.053779 0.997249 -0.051007 9.923500 0.011757 0.050445 0.998658 -1.227300 0.000000 0.000000 0.000000 1.000000
0.998583 -0.051674 -0.012745 0.000000 0.050994 0.997503 -0.048863 9.923500 0.015238 0.048144 0.998724 -1.227300 0.000000 0.000000 0.000000 1.000000
0.998613 -0.051413 -0.011365 0.000000 0.050801 0.997514 -0.048833 9.923500 0.013848 0.048188 0.998742 -1.227300 0.000000 0.000000 0.000000 1.000000
0.998800 -0.048580 -0.006252 0.000000 0.048197 0.997521 -0.051268 9.923500 0.008728 0.050905 0.998665 -1.227300 0.000000 0.000000 0.000000 1.000000
0.999189 -0.040274 -0.000022 0.000000 0.040212 0.997685 -0.054833 9.923500 0.002230 0.054788 0.998496 -1.227300 0.000000 0.000000 0.000000 1.000000
0.999554 -0.029149 0.006559 0.000000 0.029477 0.997926 -0.057220 9.923500 -0.004877 0.057388 0.998340 -1.227300 0.000000 0.000000 0.000000 1.000000
0.999646 -0.024072 0.011301 0.000000 0.024704 0.997912 -0.059672 9.923500 -0.009841 0.059930 0.998154 -1.227300 0.000000 0.000000 0.000000 1.000000
0.999602 -0.023914 0.014954 0.000000 0.024818 0.997672 -0.063522 9.923500 -0.013400 0.063868 0.997868 -1.227300 0.000000 0.000000 0.000000 1.000000
0.999566 -0.023401 0.017871 0.000000 0.024547 0.997460 -0.066869 9.923500 -0.016261 0.067279 0.997602 -1.227300 0.000000 0.000000 0.000000 1.000000
0.999473 -0.025451 0.020153 0.000000 0.026792 0.997236 -0.069302 9.923500 -0.018334 0.069806 0.997392 -1.227300 0.000000 0.000000 0.000000 1.000000
0.999280 -0.032038 0.020335 0.000000 0.033419 0.996865 -0.071710 9.923500 -0.017974 0.072338 0.997218 -1.227300 0.000000 0.000000 0.000000 1.000000
0.998938 -0.042353 0.018154 0.000000 0.043577 0.996353 -0.073356 9.923500 -0.014981 0.074069 0.997141 -1.227300 0.000000 0.000000 0.000000 1.000000
0.998311 -0.055961 0.015576 0.000000 0.056952 0.995711 -0.072908 9.923500 -0.011430 0.073672 0.997217 -1.227300 0.000000 0.000000 0.000000 1.000000
0.997838 -0.064067 0.014636 0.000000 0.064947 0.995373 -0.070814 9.923500 -0.010031 0.071612 0.997382 -1.227300 0.000000 0.000000 0.000000 1.000000
0.997848 -0.063385 0.016800 0.000000 0.064393 0.995578 -0.068401 9.923500 -0.012390 0.069336 0.997516 -1.227300 0.000000 0.000000 0.000000 1.000000
0.998101 -0.058004 0.020747 0.000000 0.059242 0.996119 -0.065102 9.923500 -0.016891 0.066207 0.997663 -1.227300 0.000000 0.000000 0.000000 1.000000
0.998524 -0.048316 0.024826 -0.000000 0.049736 0.996948 -0.060176 9.923500 -0.021843 0.061322 0.997879 -1.227300 0.000000 0.000000 0.000000 1.000000
0.998706 -0.043225 0.026785 -0.000000 0.044711 0.997338 -0.057608 9.923500 -0.024223 0.058731 0.997980 -1.227300 0.000000 0.000000 0.000000 1.000000</float_array><technique_common><accessor source="#mixamorig_Spine-Matrix-animation-output-transform-array" count="29" stride="16"><param type="float4x4"/></accessor></technique_common></source><source id="mixamorig_Spine-Interpolations"><Name_array id="mixamorig_Spine-Interpolations-array" count="29">
 LINEAR LINEAR LINEAR LINEAR LINEAR LINEAR LINEAR LINEAR LINEAR LINEAR LINEAR
LINEAR LINEAR LINEAR LINEAR LINEAR LINEAR LINEAR LINEAR LINEAR LINEAR LINEAR LINEAR
LINEAR LINEAR LINEAR LINEAR LINEAR LINEAR</Name_array><technique_common><accessor source="#mixamorig_Spine-Interpolations-array" count="29"><param type="name"/></accessor></technique_common></source><sampler id="mixamorig_Spine-Matrix-animation-transform"><input semantic="INPUT" source="#mixamorig_Spine-Matrix-animation-input"/><input semantic="OUTPUT" source="#mixamorig_Spine-Matrix-animation-output-transform"/><input semantic="INTERPOLATION" source="#mixamorig_Spine-Interpolations"/></sampler><channel source="#mixamorig_Spine-Matrix-animation-transform" target="mixamorig_Spine/matrix"/></animation>
    <animation id="mixamorig_Spine1-anim" name="mixamorig_Spine1"><source id="mixamorig_Spine1-Matrix-animation-input"><float_array id="mixamorig_Spine1-Matrix-animation-input-array" count="29">

0.000000 0.033333 0.066667 0.100000 0.133333 0.166667 0.200000 0.233333 0.266667 0.300000 0.333333 0.366667 0.400000 0.433333 0.466667 0.500000
0.533333 0.566667 0.600000 0.633333 0.666667 0.700000 0.733333 0.766667 0.800000 0.833333 0.866667 0.900000 0.933333</float_array><technique_common><accessor source="#mixamorig_Spine1-Matrix-animation-input-array" count="29"><param name="TIME" type="float"/></accessor></technique_common></source><source id="mixamorig_Spine1-Matrix-animation-output-transform"><float_array id="mixamorig_Spine1-Matrix-animation-output-transform-array" count="464">

0.999615 -0.027098 0.005925 -0.000100 0.027212 0.999428 -0.020103 11.645400 -0.005377 0.020256 0.999780 -1.422300 0.000000 0.000000 0.000000 1.000000
0.999629 -0.027053 0.003229 -0.000100 0.027117 0.999395 -0.021785 11.645400 -0.002638 0.021864 0.999757 -1.422300 0.000000 0.000000 0.000000 1.000000
0.999686 -0.025014 0.001198 -0.000100 0.025035 0.999410 -0.023528 11.645400 -0.000609 0.023551 0.999722 -1.422300 0.000000 0.000000 0.000000 1.000000
0.999770 -0.021411 -0.001267 -0.000100 0.021372 0.999449 -0.025398 11.645400 0.001810 0.025365 0.999677 -1.422300 0.000000 0.000000 0.000000 1.000000
0.999839 -0.017302 -0.004688 -0.000100 0.017169 0.999483 -0.027178 11.645400 0.005156 0.027093 0.999620 -1.422300 0.000000 0.000000 0.000000 1.000000
0.999880 -0.012794 -0.008717 -0.000100 0.012546 0.999531 -0.027934 11.645400 0.009071 0.027821 0.999572 -1.422300 0.000000 0.000000 0.000000 1.000000
0.999888 -0.007303 -0.013054 -0.000100 0.006949 0.999613 -0.026953 11.645400 0.013246 0.026860 0.999551 -1.422300 0.000000 0.000000 0.000000 1.000000
0.999859 -0.000710 -0.016765 -0.000100 0.000300 0.999701 -0.024438 11.645400 0.016777 0.024430 0.999561 -1.422300 0.000000 0.000000 0.000000 1.000000
0.999807 0.006412 -0.018546 -0.000100 -0.006808 0.999749 -0.021351 11.645400 0.018405 0.021473 0.999600 -1.422300 0.000000 0.000000 0.000000 1.000000
0.999711 0.013359 -0.019990 -0.000100 -0.013734 0.999730 -0.018731 11.645400 0.019734 0.019000 0.999625 -1.422300 0.000000 0.000000 0.000000 1.000000
0.999525 0.020253 -0.023250 -0.000100 -0.020639 0.999651 -0.016488 11.645400 0.022908 0.016960 0.999594 -1.422300 0.000000 0.000000 0.000000 1.000000
0.999229 0.027602 -0.027928 -0.000100 -0.027998 0.999511 -0.013888 11.645400 0.027531 0.014659 0.999513 -1.422300 0.000000 0.000000 0.000000 1.000000
0.998936 0.033848 -0.031318 -0.000100 -0.034230 0.999345 -0.011743 11.645400 0.030900 0.012803 0.999440 -1.422300 0.000000 0.000000 0.000000 1.000000
0.998791 0.038448 -0.030615 -0.000100 -0.038817 0.999180 -0.011529 11.645400 0.030147 0.012703 0.999465 -1.422300 0.000000 0.000000 0.000000 1.000000
0.998652 0.044415 -0.026849 -0.000100 -0.044791 0.998905 -0.013541 11.645400 0.026218 0.014725 0.999548 -1.422300 0.000000 0.000000 0.000000 1.000000
0.998405 0.051988 -0.022029 -0.000100 -0.052360 0.998489 -0.016659 11.645400 0.021130 0.017786 0.999619 -1.422300 0.000000 0.000000 0.000000 1.000000
0.998141 0.058637 -0.016622 -0.000100 -0.058948 0.998083 -0.018877 11.645400 0.015483 0.019822 0.999684 -1.422300 0.000000 0.000000 0.000000 1.000000
0.998032 0.061475 -0.012400 -0.000100 -0.061726 0.997871 -0.021037 11.645400 0.011081 0.021761 0.999702 -1.422300 0.000000 0.000000 0.000000 1.000000
0.998050 0.061510 -0.010606 -0.000100 -0.061752 0.997797 -0.024244 11.645400 0.009092 0.024852 0.999650 -1.422300 0.000000 0.000000 0.000000 1.000000
0.998129 0.060564 -0.008402 -0.000100 -0.060771 0.997785 -0.027065 11.645400 0.006745 0.027524 0.999598 -1.422300 0.000000 0.000000 0.000000 1.000000
0.998352 0.057278 -0.003465 -0.000100 -0.057355 0.997929 -0.029125 11.645400 0.001789 0.029276 0.999570 -1.422300 0.000000 0.000000 0.000000 1.000000
0.998696 0.051043 -0.000980 -0.000100 -0.051049 0.998224 -0.030701 11.645400 -0.000589 0.030711 0.999528 -1.422300 0.000000 0.000000 0.000000 1.000000
0.999049 0.043431 -0.003754 -0.000100 -0.043527 0.998566 -0.031153 11.645400 0.002395 0.031287 0.999508 -1.422300 0.000000 0.000000 0.000000 1.000000
0.999387 0.034353 -0.006782 -0.000100 -0.034541 0.998956 -0.029904 11.645400 0.005748 0.030120 0.999530 -1.422300 0.000000 0.000000 0.000000 1.000000
0.999697 0.024273 -0.004131 -0.000100 -0.024379 0.999314 -0.027876 11.645400 0.003452 0.027968 0.999603 -1.422300 0.000000 0.000000 0.000000 1.000000
0.999946 0.009321 0.004515 -0.000100 -0.009198 0.999606 -0.026535 11.645400 -0.004761 0.026492 0.999638 -1.422300 0.000000 0.000000 0.000000 1.000000
0.999925 -0.007696 0.009478 -0.000100 0.007929 0.999660 -0.024841 11.645400 -0.009283 0.024914 0.999646 -1.422300 0.000000 0.000000 0.000000 1.000000
0.999746 -0.021173 0.007728 -0.000100 0.021337 0.999536 -0.021741 11.645400 -0.007264 0.021901 0.999734 -1.422300 0.000000 0.000000 0.000000 1.000000
0.999615 -0.027098 0.005924 -0.000100 0.027212 0.999428 -0.020103 11.645400 -0.005376 0.020256 0.999780 -1.422300 0.000000 0.000000 0.000000 1.000000</float_array><technique_common><accessor source="#mixamorig_Spine1-Matrix-animation-output-transform-array" count="29" stride="16"><param type="float4x4"/></accessor></technique_common></source><source id="mixamorig_Spine1-Interpolations"><Name_array id="mixamorig_Spine1-Interpolations-array" count="29">
 LINEAR LINEAR LINEAR LINEAR LINEAR LINEAR LINEAR LINEAR LINEAR LINEAR LINEAR
LINEAR LINEAR LINEAR LINEAR LINEAR LINEAR LINEAR LINEAR LINEAR LINEAR LINEAR LINEAR
LINEAR LINEAR LINEAR LINEAR LINEAR LINEAR</Name_array><technique_common><accessor source="#mixamorig_Spine1-Interpolations-array" count="29"><param type="name"/></accessor></technique_common></source><sampler id="mixamorig_Spine1-Matrix-animation-transform"><input semantic="INPUT" source="#mixamorig_Spine1-Matrix-animation-input"/><input semantic="OUTPUT" source="#mixamorig_Spine1-Matrix-animation-output-transform"/><input semantic="INTERPOLATION" source="#mixamorig_Spine1-Interpolations"/></sampler><channel source="#mixamorig_Spine1-Matrix-animation-transform" target="mixamorig_Spine1/matrix"/></animation>
    <animation id="mixamorig_Spine2-anim" name="mixamorig_Spine2"><source id="mixamorig_Spine2-Matrix-animation-input"><float_array id="mixamorig_Spine2-Matrix-animation-input-array" count="29">

0.000000 0.033333 0.066667 0.100000 0.133333 0.166667 0.200000 0.233333 0.266667 0.300000 0.333333 0.366667 0.400000 0.433333 0.466667 0.500000
0.533333 0.566667 0.600000 0.633333 0.666667 0.700000 0.733333 0.766667 0.800000 0.833333 0.866667 0.900000 0.933333</float_array><technique_common><accessor source="#mixamorig_Spine2-Matrix-animation-input-array" count="29"><param name="TIME" type="float"/></accessor></technique_common></source><source id="mixamorig_Spine2-Matrix-animation-output-transform"><float_array id="mixamorig_Spine2-Matrix-animation-output-transform-array" count="464">

0.999611 -0.027151 0.006310 0.000100 0.027271 0.999435 -0.019651 13.360200 -0.005773 0.019815 0.999787 -1.626500 0.000000 0.000000 0.000000 1.000000
0.999606 -0.027822 0.003582 0.000100 0.027892 0.999385 -0.021264 13.360200 -0.002988 0.021356 0.999767 -1.626500 0.000000 0.000000 0.000000 1.000000
0.999609 -0.027914 0.001661 0.000100 0.027945 0.999346 -0.022938 13.360200 -0.001020 0.022976 0.999736 -1.626500 0.000000 0.000000 0.000000 1.000000
0.999618 -0.027619 -0.000525 0.000100 0.027597 0.999313 -0.024749 13.360200 0.001208 0.024725 0.999694 -1.626500 0.000000 0.000000 0.000000 1.000000
0.999608 -0.027774 -0.003507 0.000100 0.027672 0.999266 -0.026488 13.360200 0.004240 0.026381 0.999643 -1.626500 0.000000 0.000000 0.000000 1.000000
0.999574 -0.028328 -0.006985 0.000100 0.028129 0.999234 -0.027215 13.360200 0.007751 0.027007 0.999605 -1.626500 0.000000 0.000000 0.000000 1.000000
0.999535 -0.028547 -0.010709 0.000100 0.028258 0.999257 -0.026200 13.360200 0.011449 0.025885 0.999599 -1.626500 0.000000 0.000000 0.000000 1.000000
0.999509 -0.028139 -0.013759 0.000100 0.027809 0.999333 -0.023656 13.360200 0.014416 0.023262 0.999625 -1.626500 0.000000 0.000000 0.000000 1.000000
0.999511 -0.027505 -0.014860 0.000100 0.027197 0.999419 -0.020554 13.360200 0.015416 0.020140 0.999678 -1.626500 0.000000 0.000000 0.000000 1.000000
0.999510 -0.027127 -0.015631 0.000100 0.026846 0.999479 -0.017925 13.360200 0.016109 0.017497 0.999717 -1.626500 0.000000 0.000000 0.000000 1.000000
0.999479 -0.026643 -0.018223 0.000100 0.026358 0.999530 -0.015675 13.360200 0.018632 0.015186 0.999711 -1.626500 0.000000 0.000000 0.000000 1.000000
0.999431 -0.025368 -0.022213 0.000100 0.025081 0.999600 -0.013071 13.360200 0.022536 0.012506 0.999668 -1.626500 0.000000 0.000000 0.000000 1.000000
0.999383 -0.024735 -0.024948 0.000100 0.024469 0.999641 -0.010918 13.360200 0.025209 0.010301 0.999629 -1.626500 0.000000 0.000000 0.000000 1.000000
0.999404 -0.025126 -0.023658 0.000100 0.024879 0.999633 -0.010694 13.360200 0.023918 0.010099 0.999663 -1.626500 0.000000 0.000000 0.000000 1.000000
0.999540 -0.023304 -0.019392 0.000100 0.023061 0.999654 -0.012691 13.360200 0.019681 0.012238 0.999731 -1.626500 0.000000 0.000000 0.000000 1.000000
0.999723 -0.018804 -0.014177 0.000100 0.018579 0.999702 -0.015828 13.360200 0.014471 0.015560 0.999774 -1.626500 0.000000 0.000000 0.000000 1.000000
0.999867 -0.013950 -0.008452 0.000100 0.013795 0.999741 -0.018124 13.360200 0.008703 0.018005 0.999800 -1.626500 0.000000 0.000000 0.000000 1.000000
0.999927 -0.011414 -0.004076 0.000100 0.011329 0.999729 -0.020339 13.360200 0.004307 0.020292 0.999785 -1.626500 0.000000 0.000000 0.000000 1.000000
0.999949 -0.009788 -0.002469 0.000100 0.009727 0.999675 -0.023562 13.360200 0.002699 0.023537 0.999719 -1.626500 0.000000 0.000000 0.000000 1.000000
0.999980 -0.006269 -0.000908 0.000100 0.006243 0.999632 -0.026407 13.360200 0.001073 0.026401 0.999651 -1.626500 0.000000 0.000000 0.000000 1.000000
0.999992 -0.002695 0.002990 0.000100 0.002779 0.999590 -0.028486 13.360200 -0.002912 0.028494 0.999590 -1.626500 0.000000 0.000000 0.000000 1.000000
0.999991 -0.000519 0.004325 0.000100 0.000650 0.999538 -0.030378 13.360200 -0.004308 0.030380 0.999529 -1.626500 0.000000 0.000000 0.000000 1.000000
0.999999 0.001135 0.000573 0.000100 -0.001116 0.999506 -0.031398 13.360200 -0.000608 0.031397 0.999507 -1.626500 0.000000 0.000000 0.000000 1.000000
0.999993 0.001694 -0.003299 0.000100 -0.001794 0.999533 -0.030516 13.360200 0.003246 0.030521 0.999529 -1.626500 0.000000 0.000000 0.000000 1.000000
0.999998 0.001074 -0.001578 0.000100 -0.001118 0.999594 -0.028465 13.360200 0.001547 0.028467 0.999594 -1.626500 0.000000 0.000000 0.000000 1.000000
0.999968 -0.005156 0.006153 0.000100 0.005319 0.999627 -0.026778 13.360200 -0.006013 0.026810 0.999622 -1.626500 0.000000 0.000000 0.000000 1.000000
0.999828 -0.015288 0.010486 0.000100 0.015544 0.999573 -0.024750 13.360200 -0.010103 0.024909 0.999639 -1.626500 0.000000 0.000000 0.000000 1.000000
0.999689 -0.023505 0.008295 0.000100 0.023678 0.999490 -0.021410 13.360200 -0.007788 0.021599 0.999736 -1.626500 0.000000 0.000000 0.000000 1.000000
0.999611 -0.027151 0.006310 0.000100 0.027271 0.999435 -0.019651 13.360200 -0.005773 0.019815 0.999787 -1.626500 0.000000 0.000000 0.000000 1.000000</float_array><technique_common><accessor source="#mixamorig_Spine2-Matrix-animation-output-transform-array" count="29" stride="16"><param type="float4x4"/></accessor></technique_common></source><source id="mixamorig_Spine2-Interpolations"><Name_array id="mixamorig_Spine2-Interpolations-array" count="29">
 LINEAR LINEAR LINEAR LINEAR LINEAR LINEAR LINEAR LINEAR LINEAR LINEAR LINEAR
LINEAR LINEAR LINEAR LINEAR LINEAR LINEAR LINEAR LINEAR LINEAR LINEAR LINEAR LINEAR
LINEAR LINEAR LINEAR LINEAR LINEAR LINEAR</Name_array><technique_common><accessor source="#mixamorig_Spine2-Interpolations-array" count="29"><param type="name"/></accessor></technique_common></source><sampler id="mixamorig_Spine2-Matrix-animation-transform"><input semantic="INPUT" source="#mixamorig_Spine2-Matrix-animation-input"/><input semantic="OUTPUT" source="#mixamorig_Spine2-Matrix-animation-output-transform"/><input semantic="INTERPOLATION" source="#mixamorig_Spine2-Interpolations"/></sampler><channel source="#mixamorig_Spine2-Matrix-animation-transform" target="mixamorig_Spine2/matrix"/></animation>
    <animation id="mixamorig_Neck-anim" name="mixamorig_Neck"><source id="mixamorig_Neck-Matrix-animation-input"><float_array id="mixamorig_Neck-Matrix-animation-input-array" count="29">

0.000000 0.033333 0.066667 0.100000 0.133333 0.166667 0.200000 0.233333 0.266667 0.300000 0.333333 0.366667 0.400000 0.433333 0.466667 0.500000
0.533333 0.566667 0.600000 0.633333 0.666667 0.700000 0.733333 0.766667 0.800000 0.833333 0.866667 0.900000 0.933333</float_array><technique_common><accessor source="#mixamorig_Neck-Matrix-animation-input-array" count="29"><param name="TIME" type="float"/></accessor></technique_common></source><source id="mixamorig_Neck-Matrix-animation-output-transform"><float_array id="mixamorig_Neck-Matrix-animation-output-transform-array" count="464">

0.999968 -0.007936 -0.001378 0.000000 0.007762 0.995152 -0.098040 15.032500 0.002149 0.098026 0.995182 0.792900 0.000000 0.000000 0.000000 1.000000
0.999826 -0.013753 -0.012567 0.000000 0.012485 0.995305 -0.095980 15.032500 0.013828 0.095807 0.995304 0.792900 0.000000 0.000000 0.000000 1.000000
0.999126 -0.023637 -0.034485 0.000000 0.020119 0.994881 -0.099032 15.032500 0.036649 0.098252 0.994486 0.792900 0.000000 0.000000 0.000000 1.000000
0.997432 -0.035069 -0.062443 0.000000 0.028238 0.993847 -0.107105 15.032500 0.065815 0.105067 0.992285 0.792900 0.000000 0.000000 0.000000 1.000000
0.994654 -0.046043 -0.092427 -0.000000 0.034994 0.992422 -0.117787 15.032500 0.097150 0.113923 0.988728 0.792900 0.000000 0.000000 0.000000 1.000000
0.991266 -0.054303 -0.120181 0.000000 0.038738 0.990984 -0.128255 15.032500 0.126063 0.122479 0.984432 0.792900 0.000000 0.000000 0.000000 1.000000
0.988205 -0.059309 -0.141182 0.000000 0.039894 0.989826 -0.136574 15.032500 0.147846 0.129331 0.980518 0.792900 0.000000 0.000000 0.000000 1.000000
0.986460 -0.061378 -0.152086 -0.000000 0.039780 0.989183 -0.141188 15.032500 0.159107 0.133227 0.978231 0.792900 0.000000 0.000000 0.000000 1.000000
0.985442 -0.062456 -0.158123 0.000000 0.039700 0.988900 -0.143182 15.032500 0.165310 0.134820 0.976983 0.792900 0.000000 0.000000 0.000000 1.000000
0.985081 -0.063193 -0.160071 -0.000000 0.040118 0.988839 -0.143487 15.032500 0.167352 0.134924 0.976621 0.792900 0.000000 0.000000 0.000000 1.000000
0.985346 -0.063356 -0.158366 -0.000000 0.040493 0.988801 -0.143639 15.032500 0.165692 0.135121 0.976877 0.792900 0.000000 0.000000 0.000000 1.000000
0.986008 -0.062910 -0.154374 0.000000 0.040451 0.988672 -0.144538 15.032500 0.161718 0.136271 0.977383 0.792900 0.000000 0.000000 0.000000 1.000000
0.986837 -0.062316 -0.149229 0.000000 0.040509 0.988610 -0.144948 15.032500 0.156561 0.136995 0.978121 0.792900 0.000000 0.000000 0.000000 1.000000
0.987871 -0.060415 -0.143039 0.000000 0.039788 0.988936 -0.142909 15.032500 0.150090 0.135485 0.979345 0.792900 0.000000 0.000000 0.000000 1.000000
0.989250 -0.055081 -0.135463 0.000000 0.036092 0.989657 -0.138839 15.032500 0.141710 0.132458 0.981006 0.792900 0.000000 0.000000 0.000000 1.000000
0.990836 -0.048517 -0.126057 0.000000 0.031297 0.990330 -0.135154 15.032500 0.131395 0.129971 0.982773 0.792900 0.000000 0.000000 0.000000 1.000000
0.992427 -0.044358 -0.114550 0.000000 0.028939 0.990704 -0.132921 15.032500 0.119381 0.128599 0.984485 0.792900 0.000000 0.000000 0.000000 1.000000
0.993987 -0.040875 -0.101580 0.000000 0.027475 0.991136 -0.129980 15.032500 0.105992 0.126407 0.986300 0.792900 0.000000 0.000000 0.000000 1.000000
0.995480 -0.035186 -0.088215 0.000000 0.023979 0.991864 -0.125025 15.032500 0.091897 0.122345 0.988224 0.792900 0.000000 0.000000 0.000000 1.000000
0.996813 -0.027446 -0.074909 -0.000000 0.018392 0.992726 -0.118979 15.032500 0.077629 0.117222 0.990067 0.792900 0.000000 0.000000 0.000000 1.000000
0.997889 -0.019636 -0.061905 0.000000 0.012575 0.993577 -0.112459 15.032500 0.063715 0.111443 0.991726 0.792900 0.000000 0.000000 0.000000 1.000000
0.998692 -0.012463 -0.049578 -0.000000 0.007140 0.994327 -0.106125 15.032500 0.050620 0.105632 0.993116 0.792900 0.000000 0.000000 0.000000 1.000000
0.999249 -0.006330 -0.038238 0.000000 0.002413 0.994821 -0.101612 15.032500 0.038683 0.101443 0.994089 0.792900 0.000000 0.000000 0.000000 1.000000
0.999603 -0.001944 -0.028092 0.000000 -0.000856 0.995053 -0.099340 15.032500 0.028146 0.099325 0.994657 0.792900 0.000000 0.000000 0.000000 1.000000
0.999813 0.000756 -0.019349 0.000000 -0.002653 0.995162 -0.098215 15.032500 0.019181 0.098248 0.994977 0.792900 0.000000 0.000000 0.000000 1.000000
0.999923 0.001222 -0.012310 -0.000000 -0.002426 0.995161 -0.098229 15.032500 0.012130 0.098251 0.995088 0.792900 0.000000 0.000000 0.000000 1.000000
0.999972 -0.001236 -0.007366 -0.000000 0.000502 0.995099 -0.098882 15.032500 0.007452 0.098876 0.995072 0.792900 0.000000 0.000000 0.000000 1.000000
0.999979 -0.005586 -0.003234 0.000000 0.005241 0.995130 -0.098427 15.032500 0.003768 0.098408 0.995139 0.792900 0.000000 0.000000 0.000000 1.000000
0.999968 -0.007936 -0.001378 0.000000 0.007762 0.995152 -0.098040 15.032500 0.002149 0.098026 0.995182 0.792900 0.000000 0.000000 0.000000 1.000000</float_array><technique_common><accessor source="#mixamorig_Neck-Matrix-animation-output-transform-array" count="29" stride="16"><param type="float4x4"/></accessor></technique_common></source><source id="mixamorig_Neck-Interpolations"><Name_array id="mixamorig_Neck-Interpolations-array" count="29">
 LINEAR LINEAR LINEAR LINEAR LINEAR LINEAR LINEAR LINEAR LINEAR LINEAR LINEAR
LINEAR LINEAR LINEAR LINEAR LINEAR LINEAR LINEAR LINEAR LINEAR LINEAR LINEAR LINEAR
LINEAR LINEAR LINEAR LINEAR LINEAR LINEAR</Name_array><technique_common><accessor source="#mixamorig_Neck-Interpolations-array" count="29"><param type="name"/></accessor></technique_common></source><sampler id="mixamorig_Neck-Matrix-animation-transform"><input semantic="INPUT" source="#mixamorig_Neck-Matrix-animation-input"/><input semantic="OUTPUT" source="#mixamorig_Neck-Matrix-animation-output-transform"/><input semantic="INTERPOLATION" source="#mixamorig_Neck-Interpolations"/></sampler><channel source="#mixamorig_Neck-Matrix-animation-transform" target="mixamorig_Neck/matrix"/></animation>
    <animation id="mixamorig_Head-anim" name="mixamorig_Head"><source id="mixamorig_Head-Matrix-animation-input"><float_array id="mixamorig_Head-Matrix-animation-input-array" count="29">

0.000000 0.033333 0.066667 0.100000 0.133333 0.166667 0.200000 0.233333 0.266667 0.300000 0.333333 0.366667 0.400000 0.433333 0.466667 0.500000
0.533333 0.566667 0.600000 0.633333 0.666667 0.700000 0.733333 0.766667 0.800000 0.833333 0.866667 0.900000 0.933333</float_array><technique_common><accessor source="#mixamorig_Head-Matrix-animation-input-array" count="29"><param name="TIME" type="float"/></accessor></technique_common></source><source id="mixamorig_Head-Matrix-animation-output-transform"><float_array id="mixamorig_Head-Matrix-animation-output-transform-array" count="464">

0.999711 0.001406 0.024009 0.000000 -0.004554 0.991295 0.131584 10.321800 -0.023615 -0.131656 0.991014 3.142400 0.000000 0.000000 0.000000 1.000000
0.999888 -0.007847 -0.012751 0.000000 0.009530 0.990415 0.137798 10.321800 0.011547 -0.137904 0.990378 3.142400 0.000000 0.000000 0.000000 1.000000
0.997258 -0.022344 -0.070547 -0.000000 0.031691 0.990434 0.134298 10.321800 0.066872 -0.136165 0.988427 3.142400 0.000000 0.000000 0.000000 1.000000
0.989387 -0.039681 -0.139783 0.000000 0.056901 0.990967 0.121439 10.321800 0.133702 -0.128104 0.982707 3.142400 0.000000 0.000000 0.000000 1.000000
0.975599 -0.056545 -0.212155 0.000000 0.078593 0.992179 0.096972 10.321800 0.205012 -0.111279 0.972413 3.142400 0.000000 0.000000 0.000000 1.000000
0.957218 -0.072721 -0.280082 -0.000000 0.094192 0.993497 0.063962 10.321800 0.273609 -0.087607 0.957843 3.142400 0.000000 0.000000 0.000000 1.000000
0.938109 -0.087651 -0.335064 -0.000000 0.104466 0.993999 0.032457 10.321800 0.330208 -0.065451 0.941636 3.142400 0.000000 0.000000 0.000000 1.000000
0.923383 -0.100209 -0.370570 0.000000 0.112367 0.993602 0.011307 10.321800 0.367066 -0.052081 0.928736 3.142400 0.000000 0.000000 0.000000 1.000000
0.911480 -0.112705 -0.395602 0.000000 0.121292 0.992611 -0.003329 10.321800 0.393055 -0.044949 0.918416 3.142400 0.000000 0.000000 0.000000 1.000000
0.904115 -0.123746 -0.408978 0.000000 0.130256 0.991408 -0.012020 10.321800 0.406951 -0.042404 0.912465 3.142400 0.000000 0.000000 0.000000 1.000000
0.901638 -0.131852 -0.411903 0.000000 0.137430 0.990379 -0.016196 10.321800 0.410076 -0.042005 0.911084 3.142400 0.000000 0.000000 0.000000 1.000000
0.901594 -0.137520 -0.410143 0.000000 0.142413 0.989630 -0.018764 10.321800 0.408470 -0.041492 0.911828 3.142400 0.000000 0.000000 0.000000 1.000000
0.902232 -0.141021 -0.407541 0.000000 0.145368 0.989166 -0.020458 10.321800 0.406011 -0.040785 0.912958 3.142400 0.000000 0.000000 0.000000 1.000000
0.903404 -0.142861 -0.404292 -0.000000 0.147026 0.988912 -0.020908 10.321800 0.402796 -0.040553 0.914391 3.142400 0.000000 0.000000 0.000000 1.000000
0.904824 -0.144551 -0.400499 -0.000000 0.149352 0.988594 -0.019390 10.321800 0.398733 -0.042271 0.916092 3.142400 0.000000 0.000000 0.000000 1.000000
0.907598 -0.147680 -0.393009 0.000000 0.154649 0.987869 -0.014071 10.321800 0.390320 -0.048008 0.919427 3.142400 0.000000 0.000000 0.000000 1.000000
0.914375 -0.150754 -0.375754 0.000000 0.160793 0.986977 -0.004699 10.321800 0.371569 -0.056122 0.926708 3.142400 0.000000 0.000000 0.000000 1.000000
0.925841 -0.146969 -0.348164 0.000000 0.159322 0.987202 0.006946 10.321800 0.342688 -0.061901 0.937408 3.142400 0.000000 0.000000 0.000000 1.000000
0.939770 -0.133089 -0.314831 0.000000 0.146231 0.989080 0.018383 10.321800 0.308946 -0.063314 0.948970 3.142400 0.000000 0.000000 0.000000 1.000000
0.953303 -0.114606 -0.279427 0.000000 0.127943 0.991331 0.029904 10.321800 0.273578 -0.064258 0.959701 3.142400 0.000000 0.000000 0.000000 1.000000
0.965299 -0.095560 -0.243034 0.000000 0.109894 0.992874 0.046093 10.321800 0.236898 -0.071202 0.968922 3.142400 0.000000 0.000000 0.000000 1.000000
0.975604 -0.076096 -0.205928 -0.000000 0.091533 0.993580 0.066490 10.321800 0.199546 -0.083717 0.976306 3.142400 0.000000 0.000000 0.000000 1.000000
0.983974 -0.057985 -0.168618 0.000000 0.073124 0.993694 0.085003 10.321800 0.162626 -0.095971 0.982009 3.142400 0.000000 0.000000 0.000000 1.000000
0.990460 -0.042554 -0.131063 0.000000 0.055725 0.993573 0.098528 10.321800 0.126028 -0.104891 0.986466 3.142400 0.000000 0.000000 0.000000 1.000000
0.995143 -0.029815 -0.093819 0.000000 0.039935 0.993359 0.107905 10.321800 0.089978 -0.111128 0.989724 3.142400 0.000000 0.000000 0.000000 1.000000
0.998111 -0.020732 -0.057833 0.000000 0.027249 0.993076 0.114268 10.321800 0.055064 -0.115628 0.991765 3.142400 0.000000 0.000000 0.000000 1.000000
0.999614 -0.013174 -0.024470 -0.000000 0.016019 0.992651 0.119947 10.321800 0.022710 -0.120293 0.992479 3.142400 0.000000 0.000000 0.000000 1.000000
0.999959 -0.003507 0.008408 0.000000 0.002404 0.991806 0.127732 10.321800 -0.008787 -0.127707 0.991773 3.142400 0.000000 0.000000 0.000000 1.000000
0.999711 0.001406 0.024008 0.000000 -0.004554 0.991295 0.131584 10.321800 -0.023614 -0.131656 0.991014 3.142400 0.000000 0.000000 0.000000 1.000000</float_array><technique_common><accessor source="#mixamorig_Head-Matrix-animation-output-transform-array" count="29" stride="16"><param type="float4x4"/></accessor></technique_common></source><source id="mixamorig_Head-Interpolations"><Name_array id="mixamorig_Head-Interpolations-array" count="29">
 LINEAR LINEAR LINEAR LINEAR LINEAR LINEAR LINEAR LINEAR LINEAR LINEAR LINEAR
LINEAR LINEAR LINEAR LINEAR LINEAR LINEAR LINEAR LINEAR LINEAR LINEAR LINEAR LINEAR
LINEAR LINEAR LINEAR LINEAR LINEAR LINEAR</Name_array><technique_common><accessor source="#mixamorig_Head-Interpolations-array" count="29"><param type="name"/></accessor></technique_common></source><sampler id="mixamorig_Head-Matrix-animation-transform"><input semantic="INPUT" source="#mixamorig_Head-Matrix-animation-input"/><input semantic="OUTPUT" source="#mixamorig_Head-Matrix-animation-output-transform"/><input semantic="INTERPOLATION" source="#mixamorig_Head-Interpolations"/></sampler><channel source="#mixamorig_Head-Matrix-animation-transform" target="mixamorig_Head/matrix"/></animation>
    <animation id="mixamorig_LeftShoulder-anim" name="mixamorig_LeftShoulder"><source id="mixamorig_LeftShoulder-Matrix-animation-input"><float_array id="mixamorig_LeftShoulder-Matrix-animation-input-array" count="29">

0.000000 0.033333 0.066667 0.100000 0.133333 0.166667 0.200000 0.233333 0.266667 0.300000 0.333333 0.366667 0.400000 0.433333 0.466667 0.500000
0.533333 0.566667 0.600000 0.633333 0.666667 0.700000 0.733333 0.766667 0.800000 0.833333 0.866667 0.900000 0.933333</float_array><technique_common><accessor source="#mixamorig_LeftShoulder-Matrix-animation-input-array" count="29"><param name="TIME" type="float"/></accessor></technique_common></source><source id="mixamorig_LeftShoulder-Matrix-animation-output-transform"><float_array id="mixamorig_LeftShoulder-Matrix-animation-output-transform-array" count="464">

0.932058 0.203551 -0.299724 6.105800 -0.218662 0.975646 -0.017389 9.110400 0.288884 0.081746 0.953868 0.705600 0.000000 0.000000 0.000000 1.000000
0.932596 0.199445 -0.300810 6.105800 -0.214762 0.976493 -0.018383 9.110400 0.290073 0.081746 0.953507 0.705600 0.000000 0.000000 0.000000 1.000000
0.933301 0.195487 -0.301223 6.105800 -0.210968 0.977300 -0.019413 9.110400 0.290590 0.081667 0.953356 0.705600 0.000000 0.000000 0.000000 1.000000
0.934131 0.192460 -0.300598 6.105800 -0.207979 0.977925 -0.020189 9.110400 0.290076 0.081377 0.953537 0.705600 0.000000 0.000000 0.000000 1.000000
0.934881 0.190920 -0.299243 6.105800 -0.206372 0.978257 -0.020601 9.110400 0.288803 0.081015 0.953955 0.705600 0.000000 0.000000 0.000000 1.000000
0.935305 0.190820 -0.297980 6.105800 -0.206172 0.978298 -0.020655 9.110400 0.287572 0.080754 0.954349 0.705600 0.000000 0.000000 0.000000 1.000000
0.935404 0.191613 -0.297160 6.105800 -0.206877 0.978153 -0.020484 9.110400 0.286742 0.080636 0.954608 0.705600 0.000000 0.000000 0.000000 1.000000
0.935489 0.192847 -0.296093 6.105800 -0.207991 0.977922 -0.020213 9.110400 0.285658 0.080494 0.954945 0.705600 0.000000 0.000000 0.000000 1.000000
0.935902 0.194487 -0.293705 6.105800 -0.209394 0.977629 -0.019872 9.110400 0.283270 0.080098 0.955689 0.705600 0.000000 0.000000 0.000000 1.000000
0.936709 0.196425 -0.289815 6.105800 -0.210969 0.977298 -0.019496 9.110400 0.279406 0.079404 0.956884 0.705600 0.000000 0.000000 0.000000 1.000000
0.937667 0.197977 -0.285633 6.105800 -0.212148 0.977049 -0.019224 9.110400 0.275271 0.078622 0.958146 0.705600 0.000000 0.000000 0.000000 1.000000
