<?xml version="1.0" encoding="utf-8"?>
<COLLADA xmlns="http://www.collada.org/2005/11/COLLADASchema" version="1.4.1">
  <asset><contributor><author>Mixamo</author><authoring_tool>COLLADA Mixamo exporter</authoring_tool><comments></comments></contributor><created>2018-10-08T14:38:47Z</created><modified>2018-10-08T14:38:47Z</modified><revision></revision><title></title><unit meter="0.010000"/><up_axis>Y_UP</up_axis></asset>
  <library_animations>
    <animation id="mixamorig_Hips-anim" name="mixamorig_Hips"><source id="mixamorig_Hips-Matrix-animation-input"><float_array id="mixamorig_Hips-Matrix-animation-input-array" count="59">

0.000000 0.033333 0.066667 0.100000 0.133333 0.166667 0.200000 0.233333 0.266667 0.300000 0.333333 0.366667 0.400000 0.433333 0.466667 0.500000
0.533333 0.566667 0.600000 0.633333 0.666667 0.700000 0.733333 0.766667 0.800000 0.833333 0.866667 0.900000 0.933333 0.966667 1.000000 1.033333
1.066667 1.100000 1.133333 1.166667 1.200000 1.233333 1.266667 1.300000 1.333333 1.366667 1.400000 1.433333 1.466667 1.500000 1.533333 1.566667
1.600000 1.633333 1.666667 1.700000 1.733333 1.766667 1.800000 1.833333 1.866667 1.900000 1.933333</float_array><technique_common><accessor source="#mixamorig_Hips-Matrix-animation-input-array" count="59"><param name="TIME" type="float"/></accessor></technique_common></source><source id="mixamorig_Hips-Matrix-animation-output-transform"><float_array id="mixamorig_Hips-Matrix-animation-output-transform-array" count="944">

0.730122 0.051544 -0.681370 0.229451 0.002004 0.996985 0.077567 92.862877 0.683314 -0.057999 0.727817 -1.037590 0.000000 0.000000 0.000000 1.000000
0.729819 0.051790 -0.681676 0.241759 0.002008 0.996960 0.077893 92.871613 0.683637 -0.058217 0.727496 -1.048133 0.000000 0.000000 0.000000 1.000000
0.729605 0.052002 -0.681889 0.255255 0.002011 0.996937 0.078179 92.880806 0.683866 -0.058411 0.727266 -1.054352 0.000000 0.000000 0.000000 1.000000
0.729610 0.052353 -0.681856 0.268460 0.001849 0.996911 0.078521 92.891090 0.683861 -0.058551 0.727260 -1.053254 0.000000 0.000000 0.000000 1.000000
0.729902 0.052731 -0.681515 0.278666 0.001637 0.996882 0.078886 92.902702 0.683550 -0.058695 0.727540 -1.042316 0.000000 0.000000 0.000000 1.000000
0.730413 0.053131 -0.680936 0.284336 0.001476 0.996845 0.079364 92.915176 0.683004 -0.058973 0.728030 -1.021118 0.000000 0.000000 0.000000 1.000000
0.730988 0.053544 -0.680287 0.286000 0.001436 0.996794 0.079999 92.928970 0.682389 -0.059455 0.728567 -0.991203 0.000000 0.000000 0.000000 1.000000
0.731456 0.053964 -0.679750 0.285285 0.001470 0.996736 0.080711 92.946472 0.681887 -0.060036 0.728990 -0.954292 0.000000 0.000000 0.000000 1.000000
0.731724 0.054273 -0.679437 0.283807 0.001540 0.996691 0.081273 92.969673 0.681600 -0.060515 0.729219 -0.911134 0.000000 0.000000 0.000000 1.000000
0.731774 0.054454 -0.679369 0.283625 0.001591 0.996664 0.081600 92.997253 0.681546 -0.060794 0.729246 -0.862252 0.000000 0.000000 0.000000 1.000000
0.731641 0.054594 -0.679500 0.287836 0.001623 0.996646 0.081822 93.024170 0.681688 -0.060967 0.729098 -0.809645 0.000000 0.000000 0.000000 1.000000
0.731416 0.054828 -0.679724 0.298765 0.001662 0.996616 0.082177 93.044769 0.681929 -0.061236 0.728850 -0.756760 0.000000 0.000000 0.000000 1.000000
0.731302 0.055176 -0.679818 0.314657 0.001757 0.996567 0.082773 93.057167 0.682051 -0.061727 0.728695 -0.706481 0.000000 0.000000 0.000000 1.000000
0.731528 0.055584 -0.679542 0.329416 0.001894 0.996502 0.083550 93.065559 0.681809 -0.062406 0.728863 -0.659158 0.000000 0.000000 0.000000 1.000000
0.732100 0.056059 -0.678887 0.337516 0.001950 0.996432 0.084383 93.077698 0.681195 -0.063100 0.729378 -0.613607 0.000000 0.000000 0.000000 1.000000
0.732698 0.056508 -0.678204 0.338620 0.001879 0.996375 0.085048 93.099281 0.680552 -0.063589 0.729935 -0.569615 0.000000 0.000000 0.000000 1.000000
0.732911 0.056877 -0.677943 0.337284 0.001680 0.996345 0.085406 93.129715 0.680322 -0.063734 0.730137 -0.528406 0.000000 0.000000 0.000000 1.000000
0.732623 0.057125 -0.678233 0.337809 0.001438 0.996340 0.085471 93.163010 0.680633 -0.063593 0.729859 -0.490739 0.000000 0.000000 0.000000 1.000000
0.732095 0.057304 -0.678788 0.340826 0.001223 0.996343 0.085431 93.192451 0.681201 -0.063374 0.729348 -0.455355 0.000000 0.000000 0.000000 1.000000
0.731710 0.057482 -0.679188 0.344061 0.001075 0.996339 0.085481 93.214371 0.681615 -0.063277 0.728970 -0.419411 0.000000 0.000000 0.000000 1.000000
0.731651 0.057587 -0.679243 0.345133 0.001042 0.996330 0.085592 93.229591 0.681678 -0.063332 0.728906 -0.380073 0.000000 0.000000 0.000000 1.000000
0.731851 0.057695 -0.679018 0.343395 0.001056 0.996312 0.085792 93.241669 0.681464 -0.063504 0.729091 -0.336286 0.000000 0.000000 0.000000 1.000000
0.732143 0.057774 -0.678696 0.339407 0.001101 0.996295 0.085997 93.253853 0.681150 -0.063709 0.729367 -0.289426 0.000000 0.000000 0.000000 1.000000
0.732388 0.057751 -0.678434 0.334212 0.001213 0.996284 0.086116 93.266830 0.680887 -0.063893 0.729596 -0.242890 0.000000 0.000000 0.000000 1.000000
0.732478 0.057682 -0.678342 0.329125 0.001328 0.996281 0.086152 93.278854 0.680789 -0.064005 0.729678 -0.201049 0.000000 0.000000 0.000000 1.000000
0.732394 0.057561 -0.678444 0.324850 0.001428 0.996288 0.086068 93.288048 0.680880 -0.064004 0.729593 -0.168259 0.000000 0.000000 0.000000 1.000000
0.732152 0.057448 -0.678715 0.321075 0.001446 0.996304 0.085889 93.294319 0.681140 -0.063866 0.729362 -0.146961 0.000000 0.000000 0.000000 1.000000
0.731891 0.057292 -0.679009 0.316559 0.001421 0.996329 0.085597 93.299011 0.681420 -0.063613 0.729123 -0.136800 0.000000 0.000000 0.000000 1.000000
0.731708 0.057159 -0.679218 0.311065 0.001329 0.996356 0.085279 93.301750 0.681617 -0.063302 0.728966 -0.135884 0.000000 0.000000 0.000000 1.000000
0.731590 0.057071 -0.679352 0.305771 0.001206 0.996380 0.085003 93.299217 0.681744 -0.063006 0.728873 -0.143057 0.000000 0.000000 0.000000 1.000000
0.731521 0.056976 -0.679434 0.302108 0.001144 0.996398 0.084787 93.287201 0.681818 -0.062800 0.728821 -0.158332 0.000000 0.000000 0.000000 1.000000
0.731551 0.056946 -0.679404 0.300347 0.001119 0.996404 0.084721 93.265228 0.681786 -0.062738 0.728857 -0.181497 0.000000 0.000000 0.000000 1.000000
0.731758 0.056981 -0.679178 0.298784 0.001093 0.996400 0.084773 93.238846 0.681564 -0.062776 0.729061 -0.210975 0.000000 0.000000 0.000000 1.000000
0.732092 0.057066 -0.678811 0.295173 0.001018 0.996392 0.084862 93.216972 0.681205 -0.062818 0.729393 -0.244255 0.000000 0.000000 0.000000 1.000000
0.732367 0.057119 -0.678510 0.288520 0.000902 0.996393 0.084852 93.206001 0.680909 -0.062755 0.729674 -0.279095 0.000000 0.000000 0.000000 1.000000
0.732372 0.056901 -0.678523 0.280627 0.000876 0.996423 0.084505 93.204643 0.680904 -0.062483 0.729702 -0.315007 0.000000 0.000000 0.000000 1.000000
0.732066 0.056560 -0.678881 0.275077 0.000892 0.996467 0.083982 93.203873 0.681233 -0.062086 0.729429 -0.353284 0.000000 0.000000 0.000000 1.000000
0.731657 0.056259 -0.679348 0.273409 0.000926 0.996506 0.083522 93.193283 0.681673 -0.061738 0.729048 -0.394619 0.000000 0.000000 0.000000 1.000000
0.731449 0.056061 -0.679588 0.273185 0.000985 0.996527 0.083267 93.168907 0.681896 -0.061575 0.728853 -0.436941 0.000000 0.000000 0.000000 1.000000
0.731571 0.055945 -0.679466 0.270674 0.001046 0.996534 0.083177 93.136177 0.681764 -0.061561 0.728977 -0.476420 0.000000 0.000000 0.000000 1.000000
0.731854 0.055809 -0.679172 0.264185 0.001132 0.996540 0.083106 93.105179 0.681460 -0.061590 0.729259 -0.510830 0.000000 0.000000 0.000000 1.000000
0.731989 0.055607 -0.679043 0.254781 0.001249 0.996553 0.082955 93.083328 0.681315 -0.061570 0.729396 -0.541444 0.000000 0.000000 0.000000 1.000000
0.731799 0.055296 -0.679274 0.244408 0.001391 0.996580 0.082624 93.070572 0.681519 -0.061409 0.729219 -0.572006 0.000000 0.000000 0.000000 1.000000
0.731344 0.054971 -0.679790 0.234952 0.001529 0.996612 0.082236 93.061028 0.682007 -0.061182 0.728782 -0.606747 0.000000 0.000000 0.000000 1.000000
0.730837 0.054669 -0.680359 0.227589 0.001651 0.996643 0.081857 93.048073 0.682550 -0.060947 0.728293 -0.648207 0.000000 0.000000 0.000000 1.000000
0.730481 0.054456 -0.680759 0.222575 0.001694 0.996668 0.081544 93.029007 0.682931 -0.060719 0.727955 -0.696109 0.000000 0.000000 0.000000 1.000000
0.730355 0.054246 -0.680911 0.218709 0.001703 0.996694 0.081230 93.005745 0.683066 -0.060486 0.727848 -0.747696 0.000000 0.000000 0.000000 1.000000
0.730431 0.054012 -0.680848 0.214717 0.001701 0.996721 0.080896 92.982849 0.682985 -0.060247 0.727944 -0.799222 0.000000 0.000000 0.000000 1.000000
0.730623 0.053751 -0.680662 0.210550 0.001711 0.996749 0.080549 92.963875 0.682779 -0.060016 0.728156 -0.847493 0.000000 0.000000 0.000000 1.000000
0.730822 0.053461 -0.680471 0.207914 0.001757 0.996777 0.080199 92.949348 0.682566 -0.059807 0.728373 -0.890005 0.000000 0.000000 0.000000 1.000000
0.730902 0.053087 -0.680414 0.208702 0.001889 0.996809 0.079803 92.936661 0.682479 -0.059613 0.728470 -0.924717 0.000000 0.000000 0.000000 1.000000
0.730788 0.052733 -0.680564 0.213183 0.002030 0.996839 0.079419 92.923065 0.682601 -0.059420 0.728372 -0.950481 0.000000 0.000000 0.000000 1.000000
0.730510 0.052589 -0.680874 0.219627 0.002033 0.996859 0.079176 92.908371 0.682899 -0.059223 0.728108 -0.968131 0.000000 0.000000 0.000000 1.000000
0.730183 0.052469 -0.681234 0.225197 0.002035 0.996876 0.078962 92.894379 0.683248 -0.059043 0.727795 -0.980603 0.000000 0.000000 0.000000 1.000000
0.729937 0.052356 -0.681506 0.228422 0.002037 0.996891 0.078766 92.882980 0.683511 -0.058883 0.727561 -0.991201 0.000000 0.000000 0.000000 1.000000
0.729867 0.052211 -0.681592 0.229075 0.002039 0.996908 0.078548 92.874733 0.683586 -0.058719 0.727504 -1.001974 0.000000 0.000000 0.000000 1.000000
0.729937 0.052005 -0.681533 0.228231 0.002042 0.996931 0.078258 92.869354 0.683511 -0.058515 0.727591 -1.013556 0.000000 0.000000 0.000000 1.000000
0.730073 0.051744 -0.681408 0.227814 0.002045 0.996959 0.077897 92.865837 0.683366 -0.058264 0.727747 -1.025765 0.000000 0.000000 0.000000 1.000000
0.730102 0.051488 -0.681395 0.229398 0.002048 0.996988 0.077530 92.862923 0.683335 -0.058000 0.727798 -1.037733 0.000000 0.000000 0.000000 1.000000</float_array><technique_common><accessor source="#mixamorig_Hips-Matrix-animation-output-transform-array" count="59" stride="16"><param type="float4x4"/></accessor></technique_common></source><source id="mixamorig_Hips-Interpolations"><Name_array id="mixamorig_Hips-Interpolations-array" count="59">
 LINEAR LINEAR LINEAR LINEAR LINEAR LINEAR LINEAR LINEAR LINEAR LINEAR LINEAR
LINEAR LINEAR LINEAR LINEAR LINEAR LINEAR LINEAR LINEAR LINEAR LINEAR LINEAR LINEAR
LINEAR LINEAR LINEAR LINEAR LINEAR LINEAR LINEAR LINEAR LINEAR LINEAR LINEAR LINEAR
LINEAR LINEAR LINEAR LINEAR LINEAR LINEAR LINEAR LINEAR LINEAR LINEAR LINEAR LINEAR
LINEAR LINEAR LINEAR LINEAR LINEAR LINEAR LINEAR LINEAR LINEAR LINEAR LINEAR LINEAR</Name_array><technique_common><accessor source="#mixamorig_Hips-Interpolations-array" count="59"><param type="name"/></accessor></technique_common></source><sampler id="mixamorig_Hips-Matrix-animation-transform"><input semantic="INPUT" source="#mixamorig_Hips-Matrix-animation-input"/><input semantic="OUTPUT" source="#mixamorig_Hips-Matrix-animation-output-transform"/><input semantic="INTERPOLATION" source="#mixamorig_Hips-Interpolations"/></sampler><channel source="#mixamorig_Hips-Matrix-animation-transform" target="mixamorig_Hips/matrix"/></animation>
    <animation id="mixamorig_Spine-anim" name="mixamorig_Spine"><source id="mixamorig_Spine-Matrix-animation-input"><float_array id="mixamorig_Spine-Matrix-animation-input-array" count="59">

0.000000 0.033333 0.066667 0.100000 0.133333 0.166667 0.200000 0.233333 0.266667 0.300000 0.333333 0.366667 0.400000 0.433333 0.466667 0.500000
0.533333 0.566667 0.600000 0.633333 0.666667 0.700000 0.733333 0.766667 0.800000 0.833333 0.866667 0.900000 0.933333 0.966667 1.000000 1.033333
1.066667 1.100000 1.133333 1.166667 1.200000 1.233333 1.266667 1.300000 1.333333 1.366667 1.400000 1.433333 1.466667 1.500000 1.533333 1.566667
1.600000 1.633333 1.666667 1.700000 1.733333 1.766667 1.800000 1.833333 1.866667 1.900000 1.933333</float_array><technique_common><accessor source="#mixamorig_Spine-Matrix-animation-input-array" count="59"><param name="TIME" type="float"/></accessor></technique_common></source><source id="mixamorig_Spine-Matrix-animation-output-transform"><float_array id="mixamorig_Spine-Matrix-animation-output-transform-array" count="944">

0.996612 0.021120 0.079484 0.000000 -0.013004 0.994774 -0.101273 9.923500 -0.081207 0.099896 0.991678 -1.227300 0.000000 0.000000 0.000000 1.000000
0.996612 0.021112 0.079487 -0.000000 -0.013000 0.994779 -0.101221 9.923500 -0.081209 0.099845 0.991683 -1.227300 0.000000 0.000000 0.000000 1.000000
0.996612 0.021085 0.079493 0.000000 -0.012982 0.994790 -0.101112 9.923500 -0.081211 0.099737 0.991694 -1.227300 0.000000 0.000000 0.000000 1.000000
0.996617 0.021017 0.079449 0.000000 -0.012932 0.994808 -0.100941 9.923500 -0.081158 0.099572 0.991715 -1.227300 0.000000 0.000000 0.000000 1.000000
0.996629 0.020907 0.079335 -0.000000 -0.012853 0.994833 -0.100708 9.923500 -0.081031 0.099349 0.991748 -1.227300 0.000000 0.000000 0.000000 1.000000
0.996653 0.020717 0.079079 0.000000 -0.012712 0.994864 -0.100420 9.923500 -0.080753 0.099079 0.991797 -1.227300 0.000000 0.000000 0.000000 1.000000
0.996677 0.020532 0.078822 -0.000000 -0.012579 0.994898 -0.100095 9.923500 -0.080475 0.098771 0.991851 -1.227300 0.000000 0.000000 0.000000 1.000000
0.996691 0.020379 0.078685 0.000000 -0.012471 0.994937 -0.099721 9.923500 -0.080319 0.098409 0.991899 -1.227300 0.000000 0.000000 0.000000 1.000000
0.996695 0.020256 0.078669 -0.000000 -0.012384 0.994982 -0.099288 9.923500 -0.080285 0.097985 0.991944 -1.227300 0.000000 0.000000 0.000000 1.000000
0.996691 0.020153 0.078740 -0.000000 -0.012315 0.995033 -0.098786 9.923500 -0.080340 0.097489 0.991989 -1.227300 0.000000 0.000000 0.000000 1.000000
0.996684 0.020055 0.078855 0.000000 -0.012248 0.995085 -0.098262 9.923500 -0.080438 0.096971 0.992031 -1.227300 0.000000 0.000000 0.000000 1.000000
0.996677 0.019950 0.078979 0.000000 -0.012171 0.995134 -0.097776 9.923500 -0.080545 0.096490 0.992070 -1.227300 0.000000 0.000000 0.000000 1.000000
0.996673 0.019820 0.079052 -0.000000 -0.012070 0.995178 -0.097342 9.923500 -0.080600 0.096064 0.992107 -1.227300 0.000000 0.000000 0.000000 1.000000
0.996680 0.019654 0.079006 -0.000000 -0.011942 0.995219 -0.096934 9.923500 -0.080534 0.095669 0.992150 -1.227300 0.000000 0.000000 0.000000 1.000000
0.996697 0.019451 0.078840 -0.000000 -0.011789 0.995262 -0.096511 9.923500 -0.080344 0.095263 0.992204 -1.227300 0.000000 0.000000 0.000000 1.000000
0.996713 0.019248 0.078696 0.000000 -0.011637 0.995309 -0.096046 9.923500 -0.080176 0.094815 0.992261 -1.227300 0.000000 0.000000 0.000000 1.000000
0.996718 0.019067 0.078677 0.000000 -0.011498 0.995358 -0.095553 9.923500 -0.080134 0.094334 0.992310 -1.227300 0.000000 0.000000 0.000000 1.000000
0.996712 0.018937 0.078777 0.000000 -0.011398 0.995406 -0.095065 9.923500 -0.080215 0.093854 0.992349 -1.227300 0.000000 0.000000 0.000000 1.000000
0.996704 0.018835 0.078904 -0.000000 -0.011321 0.995450 -0.094614 9.923500 -0.080327 0.093409 0.992382 -1.227300 0.000000 0.000000 0.000000 1.000000
0.996701 0.018732 0.078973 -0.000000 -0.011243 0.995487 -0.094228 9.923500 -0.080381 0.093029 0.992413 -1.227300 0.000000 0.000000 0.000000 1.000000
0.996704 0.018623 0.078956 -0.000000 -0.011164 0.995521 -0.093874 9.923500 -0.080351 0.092683 0.992448 -1.227300 0.000000 0.000000 0.000000 1.000000
0.996711 0.018526 0.078896 -0.000000 -0.011100 0.995554 -0.093540 9.923500 -0.080278 0.092356 0.992485 -1.227300 0.000000 0.000000 0.000000 1.000000
0.996716 0.018446 0.078850 -0.000000 -0.011052 0.995585 -0.093209 9.923500 -0.080221 0.092032 0.992519 -1.227300 0.000000 0.000000 0.000000 1.000000
0.996717 0.018388 0.078844 -0.000000 -0.011019 0.995614 -0.092910 9.923500 -0.080206 0.091736 0.992548 -1.227300 0.000000 0.000000 0.000000 1.000000
0.996716 0.018350 0.078865 0.000000 -0.010998 0.995636 -0.092671 9.923500 -0.080222 0.091499 0.992569 -1.227300 0.000000 0.000000 0.000000 1.000000
0.996713 0.018342 0.078906 0.000000 -0.010997 0.995650 -0.092521 9.923500 -0.080260 0.091350 0.992579 -1.227300 0.000000 0.000000 0.000000 1.000000
0.996709 0.018372 0.078950 -0.000000 -0.011025 0.995652 -0.092498 9.923500 -0.080306 0.091323 0.992578 -1.227300 0.000000 0.000000 0.000000 1.000000
0.996705 0.018444 0.078986 0.000000 -0.011085 0.995640 -0.092620 9.923500 -0.080350 0.091440 0.992564 -1.227300 0.000000 0.000000 0.000000 1.000000
0.996701 0.018537 0.079018 0.000000 -0.011156 0.995618 -0.092846 9.923500 -0.080393 0.091658 0.992540 -1.227300 0.000000 0.000000 0.000000 1.000000
0.996696 0.018638 0.079052 0.000000 -0.011232 0.995592 -0.093112 9.923500 -0.080439 0.091916 0.992512 -1.227300 0.000000 0.000000 0.000000 1.000000
0.996692 0.018732 0.079080 -0.000000 -0.011300 0.995565 -0.093400 9.923500 -0.080479 0.092197 0.992483 -1.227300 0.000000 0.000000 0.000000 1.000000
0.996692 0.018815 0.079069 -0.000000 -0.011354 0.995530 -0.093762 9.923500 -0.080479 0.092554 0.992450 -1.227300 0.000000 0.000000 0.000000 1.000000
0.996695 0.018885 0.079012 -0.000000 -0.011395 0.995488 -0.094201 9.923500 -0.080435 0.092989 0.992413 -1.227300 0.000000 0.000000 0.000000 1.000000
0.996699 0.018953 0.078944 0.000000 -0.011434 0.995446 -0.094634 9.923500 -0.080379 0.093419 0.992377 -1.227300 0.000000 0.000000 0.000000 1.000000
0.996699 0.019034 0.078917 0.000000 -0.011486 0.995410 -0.095014 9.923500 -0.080363 0.093794 0.992343 -1.227300 0.000000 0.000000 0.000000 1.000000
0.996694 0.019141 0.078955 -0.000000 -0.011562 0.995377 -0.095345 9.923500 -0.080415 0.094117 0.992308 -1.227300 0.000000 0.000000 0.000000 1.000000
0.996686 0.019266 0.079029 0.000000 -0.011655 0.995345 -0.095665 9.923500 -0.080504 0.094427 0.992271 -1.227300 0.000000 0.000000 0.000000 1.000000
0.996680 0.019386 0.079077 0.000000 -0.011742 0.995311 -0.096009 9.923500 -0.080567 0.094762 0.992234 -1.227300 0.000000 0.000000 0.000000 1.000000
0.996679 0.019467 0.079067 0.000000 -0.011791 0.995272 -0.096407 9.923500 -0.080570 0.095154 0.992197 -1.227300 0.000000 0.000000 0.000000 1.000000
0.996683 0.019513 0.079012 0.000000 -0.011810 0.995233 -0.096804 9.923500 -0.080525 0.095549 0.992162 -1.227300 0.000000 0.000000 0.000000 1.000000
0.996686 0.019586 0.078958 -0.000000 -0.011860 0.995199 -0.097152 9.923500 -0.080482 0.095893 0.992133 -1.227300 0.000000 0.000000 0.000000 1.000000
0.996684 0.019687 0.078957 -0.000000 -0.011939 0.995170 -0.097436 9.923500 -0.080494 0.096170 0.992105 -1.227300 0.000000 0.000000 0.000000 1.000000
0.996676 0.019814 0.079017 -0.000000 -0.012038 0.995144 -0.097692 9.923500 -0.080569 0.096416 0.992075 -1.227300 0.000000 0.000000 0.000000 1.000000
0.996666 0.019955 0.079118 0.000000 -0.012147 0.995116 -0.097965 9.923500 -0.080687 0.096677 0.992040 -1.227300 0.000000 0.000000 0.000000 1.000000
0.996653 0.020108 0.079239 -0.000000 -0.012263 0.995084 -0.098271 9.923500 -0.080825 0.096970 0.992000 -1.227300 0.000000 0.000000 0.000000 1.000000
0.996642 0.020244 0.079344 -0.000000 -0.012362 0.995051 -0.098597 9.923500 -0.080947 0.097285 0.991959 -1.227300 0.000000 0.000000 0.000000 1.000000
0.996636 0.020360 0.079391 0.000000 -0.012446 0.995017 -0.098924 9.923500 -0.081009 0.097603 0.991923 -1.227300 0.000000 0.000000 0.000000 1.000000
0.996632 0.020463 0.079409 0.000000 -0.012522 0.994984 -0.099246 9.923500 -0.081042 0.097918 0.991889 -1.227300 0.000000 0.000000 0.000000 1.000000
0.996630 0.020554 0.079407 0.000000 -0.012588 0.994953 -0.099553 9.923500 -0.081053 0.098218 0.991859 -1.227300 0.000000 0.000000 0.000000 1.000000
0.996629 0.020636 0.079401 0.000000 -0.012647 0.994923 -0.099841 9.923500 -0.081058 0.098500 0.991830 -1.227300 0.000000 0.000000 0.000000 1.000000
0.996628 0.020711 0.079401 -0.000000 -0.012699 0.994896 -0.100107 9.923500 -0.081069 0.098761 0.991803 -1.227300 0.000000 0.000000 0.000000 1.000000
0.996624 0.020778 0.079422 -0.000000 -0.012744 0.994871 -0.100350 9.923500 -0.081100 0.098999 0.991777 -1.227300 0.000000 0.000000 0.000000 1.000000
0.996620 0.020814 0.079473 0.000000 -0.012758 0.994850 -0.100556 9.923500 -0.081156 0.099202 0.991752 -1.227300 0.000000 0.000000 0.000000 1.000000
0.996615 0.020841 0.079520 -0.000000 -0.012766 0.994831 -0.100736 9.923500 -0.081209 0.099380 0.991730 -1.227300 0.000000 0.000000 0.000000 1.000000
0.996613 0.020876 0.079546 0.000000 -0.012785 0.994815 -0.100896 9.923500 -0.081240 0.099538 0.991712 -1.227300 0.000000 0.000000 0.000000 1.000000
0.996612 0.020922 0.079537 0.000000 -0.012820 0.994800 -0.101040 9.923500 -0.081238 0.099678 0.991698 -1.227300 0.000000 0.000000 0.000000 1.000000
0.996612 0.020967 0.079527 -0.000000 -0.012857 0.994788 -0.101154 9.923500 -0.081234 0.099788 0.991687 -1.227300 0.000000 0.000000 0.000000 1.000000
0.996612 0.021000 0.079520 -0.000000 -0.012883 0.994777 -0.101251 9.923500 -0.081231 0.099884 0.991678 -1.227300 0.000000 0.000000 0.000000 1.000000
0.996612 0.021023 0.079517 -0.000000 -0.012899 0.994769 -0.101332 9.923500 -0.081231 0.099963 0.991670 -1.227300 0.000000 0.000000 0.000000 1.000000</float_array><technique_common><accessor source="#mixamorig_Spine-Matrix-animation-output-transform-array" count="59" stride="16"><param type="float4x4"/></accessor></technique_common></source><source id="mixamorig_Spine-Interpolations"><Name_array id="mixamorig_Spine-Interpolations-array" count="59">
 LINEAR LINEAR LINEAR LINEAR LINEAR LINEAR LINEAR LINEAR LINEAR LINEAR LINEAR
LINEAR LINEAR LINEAR LINEAR LINEAR LINEAR LINEAR LINEAR LINEAR LINEAR LINEAR LINEAR
LINEAR LINEAR LINEAR LINEAR LINEAR LINEAR LINEAR LINEAR LINEAR LINEAR LINEAR LINEAR
LINEAR LINEAR LINEAR LINEAR LINEAR LINEAR LINEAR LINEAR LINEAR LINEAR LINEAR LINEAR
LINEAR LINEAR LINEAR LINEAR LINEAR LINEAR LINEAR LINEAR LINEAR LINEAR LINEAR LINEAR</Name_array><technique_common><accessor source="#mixamorig_Spine-Interpolations-array" count="59"><param type="name"/></accessor></technique_common></source><sampler id="mixamorig_Spine-Matrix-animation-transform"><input semantic="INPUT" source="#mixamorig_Spine-Matrix-animation-input"/><input semantic="OUTPUT" source="#mixamorig_Spine-Matrix-animation-output-transform"/><input semantic="INTERPOLATION" source="#mixamorig_Spine-Interpolations"/></sampler><channel source="#mixamorig_Spine-Matrix-animation-transform" target="mixamorig_Spine/matrix"/></animation>
    <animation id="mixamorig_Spine1-anim" name="mixamorig_Spine1"><source id="mixamorig_Spine1-Matrix-animation-input"><float_array id="mixamorig_Spine1-Matrix-animation-input-array" count="59">

0.000000 0.033333 0.066667 0.100000 0.133333 0.166667 0.200000 0.233333 0.266667 0.300000 0.333333 0.366667 0.400000 0.433333 0.466667 0.500000
0.533333 0.566667 0.600000 0.633333 0.666667 0.700000 0.733333 0.766667 0.800000 0.833333 0.866667 0.900000 0.933333 0.966667 1.000000 1.033333
1.066667 1.100000 1.133333 1.166667 1.200000 1.233333 1.266667 1.300000 1.333333 1.366667 1.400000 1.433333 1.466667 1.500000 1.533333 1.566667
1.600000 1.633333 1.666667 1.700000 1.733333 1.766667 1.800000 1.833333 1.866667 1.900000 1.933333</float_array><technique_common><accessor source="#mixamorig_Spine1-Matrix-animation-input-array" count="59"><param name="TIME" type="float"/></accessor></technique_common></source><source id="mixamorig_Spine1-Matrix-animation-output-transform"><float_array id="mixamorig_Spine1-Matrix-animation-output-transform-array" count="944">

0.986184 0.053093 0.156915 -0.000100 -0.020480 0.979057 -0.202553 11.645400 -0.164383 0.196541 0.966618 -1.422300 0.000000 0.000000 0.000000 1.000000
0.986184 0.053063 0.156923 -0.000100 -0.020467 0.979079 -0.202451 11.645400 -0.164382 0.196442 0.966638 -1.422300 0.000000 0.000000 0.000000 1.000000
0.986185 0.052994 0.156941 -0.000100 -0.020431 0.979124 -0.202233 11.645400 -0.164382 0.196232 0.966681 -1.422300 0.000000 0.000000 0.000000 1.000000
0.986205 0.052849 0.156868 -0.000100 -0.020359 0.979196 -0.201894 11.645400 -0.164274 0.195915 0.966763 -1.422300 0.000000 0.000000 0.000000 1.000000
0.986249 0.052620 0.156665 -0.000100 -0.020252 0.979293 -0.201431 11.645400 -0.164021 0.195488 0.966893 -1.422300 0.000000 0.000000 0.000000 1.000000
0.986345 0.052218 0.156195 -0.000100 -0.020045 0.979416 -0.200855 11.645400 -0.163468 0.194981 0.967089 -1.422300 0.000000 0.000000 0.000000 1.000000
0.986440 0.051820 0.155727 -0.000100 -0.019852 0.979553 -0.200204 11.645400 -0.162918 0.194398 0.967299 -1.422300 0.000000 0.000000 0.000000 1.000000
0.986494 0.051491 0.155491 -0.000100 -0.019698 0.979708 -0.199460 11.645400 -0.162606 0.193703 0.967491 -1.422300 0.000000 0.000000 0.000000 1.000000
0.986508 0.051225 0.155492 -0.000100 -0.019577 0.979884 -0.198603 11.645400 -0.162538 0.192880 0.967667 -1.422300 0.000000 0.000000 0.000000 1.000000
0.986492 0.051001 0.155665 -0.000100 -0.019488 0.980087 -0.197612 11.645400 -0.162644 0.191910 0.967842 -1.422300 0.000000 0.000000 0.000000 1.000000
0.986462 0.050791 0.155924 -0.000100 -0.019402 0.980296 -0.196580 11.645400 -0.162836 0.190894 0.968010 -1.422300 0.000000 0.000000 0.000000 1.000000
0.986430 0.050570 0.156198 -0.000100 -0.019290 0.980490 -0.195619 11.645400 -0.163043 0.189952 0.968161 -1.422300 0.000000 0.000000 0.000000 1.000000
0.986417 0.050294 0.156371 -0.000100 -0.019127 0.980665 -0.194759 11.645400 -0.163143 0.189123 0.968306 -1.422300 0.000000 0.000000 0.000000 1.000000
0.986444 0.049938 0.156317 -0.000100 -0.018920 0.980829 -0.193948 11.645400 -0.163006 0.188361 0.968478 -1.422300 0.000000 0.000000 0.000000 1.000000
0.986511 0.049504 0.156033 -0.000100 -0.018685 0.981000 -0.193104 11.645400 -0.162628 0.187583 0.968692 -1.422300 0.000000 0.000000 0.000000 1.000000
0.986570 0.049076 0.155792 -0.000100 -0.018461 0.981186 -0.192178 11.645400 -0.162292 0.186721 0.968915 -1.422300 0.000000 0.000000 0.000000 1.000000
0.986588 0.048705 0.155794 -0.000100 -0.018256 0.981382 -0.191198 11.645400 -0.162205 0.185790 0.969109 -1.422300 0.000000 0.000000 0.000000 1.000000
0.986565 0.048443 0.156021 -0.000100 -0.018114 0.981572 -0.190233 11.645400 -0.162362 0.184851 0.969262 -1.422300 0.000000 0.000000 0.000000 1.000000
0.986532 0.048238 0.156296 -0.000100 -0.018006 0.981746 -0.189342 11.645400 -0.162576 0.183978 0.969392 -1.422300 0.000000 0.000000 0.000000 1.000000
0.986517 0.048027 0.156453 -0.000100 -0.017895 0.981895 -0.188579 11.645400 -0.162677 0.183237 0.969516 -1.422300 0.000000 0.000000 0.000000 1.000000
0.986530 0.047796 0.156445 -0.000100 -0.017784 0.982032 -0.187877 11.645400 -0.162614 0.182564 0.969653 -1.422300 0.000000 0.000000 0.000000 1.000000
0.986555 0.047589 0.156350 -0.000100 -0.017706 0.982159 -0.187215 11.645400 -0.162470 0.181930 0.969796 -1.422300 0.000000 0.000000 0.000000 1.000000
0.986573 0.047419 0.156283 -0.000100 -0.017659 0.982285 -0.186562 11.645400 -0.162360 0.181297 0.969933 -1.422300 0.000000 0.000000 0.000000 1.000000
0.986578 0.047293 0.156291 -0.000100 -0.017631 0.982397 -0.185971 11.645400 -0.162335 0.180719 0.970045 -1.422300 0.000000 0.000000 0.000000 1.000000
0.986573 0.047209 0.156348 -0.000100 -0.017617 0.982487 -0.185499 11.645400 -0.162367 0.180254 0.970127 -1.422300 0.000000 0.000000 0.000000 1.000000
0.986560 0.047190 0.156436 -0.000100 -0.017630 0.982542 -0.185206 11.645400 -0.162445 0.179958 0.970168 -1.422300 0.000000 0.000000 0.000000 1.000000
0.986544 0.047257 0.156520 -0.000100 -0.017689 0.982549 -0.185163 11.645400 -0.162539 0.179902 0.970163 -1.422300 0.000000 0.000000 0.000000 1.000000
0.986527 0.047419 0.156578 -0.000100 -0.017798 0.982500 -0.185410 11.645400 -0.162630 0.180125 0.970107 -1.422300 0.000000 0.000000 0.000000 1.000000
0.986509 0.047629 0.156622 -0.000100 -0.017923 0.982413 -0.185861 11.645400 -0.162720 0.180547 0.970013 -1.422300 0.000000 0.000000 0.000000 1.000000
0.986491 0.047859 0.156670 -0.000100 -0.018055 0.982310 -0.186391 11.645400 -0.162819 0.181045 0.969903 -1.422300 0.000000 0.000000 0.000000 1.000000
0.986475 0.048070 0.156704 -0.000100 -0.018161 0.982199 -0.186964 11.645400 -0.162902 0.181589 0.969788 -1.422300 0.000000 0.000000 0.000000 1.000000
0.986473 0.048257 0.156660 -0.000100 -0.018236 0.982061 -0.187681 11.645400 -0.162907 0.182285 0.969656 -1.422300 0.000000 0.000000 0.000000 1.000000
0.986486 0.048422 0.156526 -0.000100 -0.018279 0.981894 -0.188549 11.645400 -0.162822 0.183139 0.969510 -1.422300 0.000000 0.000000 0.000000 1.000000
0.986503 0.048582 0.156372 -0.000100 -0.018324 0.981728 -0.189403 11.645400 -0.162716 0.183981 0.969368 -1.422300 0.000000 0.000000 0.000000 1.000000
0.986505 0.048768 0.156298 -0.000100 -0.018397 0.981582 -0.190155 11.645400 -0.162693 0.184714 0.969233 -1.422300 0.000000 0.000000 0.000000 1.000000
0.986486 0.048998 0.156350 -0.000100 -0.018506 0.981452 -0.190812 11.645400 -0.162799 0.185340 0.969095 -1.422300 0.000000 0.000000 0.000000 1.000000
0.986454 0.049261 0.156468 -0.000100 -0.018638 0.981326 -0.191448 11.645400 -0.162977 0.185938 0.968951 -1.422300 0.000000 0.000000 0.000000 1.000000
0.986431 0.049510 0.156534 -0.000100 -0.018758 0.981190 -0.192132 11.645400 -0.163101 0.186588 0.968805 -1.422300 0.000000 0.000000 0.000000 1.000000
0.986430 0.049680 0.156486 -0.000100 -0.018804 0.981035 -0.192915 11.645400 -0.163102 0.187355 0.968657 -1.422300 0.000000 0.000000 0.000000 1.000000
0.986445 0.049783 0.156359 -0.000100 -0.018800 0.980881 -0.193696 11.645400 -0.163012 0.188131 0.968521 -1.422300 0.000000 0.000000 0.000000 1.000000
0.986457 0.049938 0.156231 -0.000100 -0.018863 0.980744 -0.194383 11.645400 -0.162930 0.188803 0.968404 -1.422300 0.000000 0.000000 0.000000 1.000000
0.986451 0.050145 0.156208 -0.000100 -0.018979 0.980630 -0.194946 11.645400 -0.162957 0.189340 0.968295 -1.422300 0.000000 0.000000 0.000000 1.000000
0.986422 0.050402 0.156303 -0.000100 -0.019130 0.980526 -0.195457 11.645400 -0.163110 0.189813 0.968177 -1.422300 0.000000 0.000000 0.000000 1.000000
0.986380 0.050689 0.156474 -0.000100 -0.019289 0.980414 -0.196000 11.645400 -0.163345 0.190312 0.968039 -1.422300 0.000000 0.000000 0.000000 1.000000
0.986332 0.051001 0.156680 -0.000100 -0.019457 0.980289 -0.196609 11.645400 -0.163619 0.190873 0.967882 -1.422300 0.000000 0.000000 0.000000 1.000000
0.986289 0.051284 0.156857 -0.000100 -0.019594 0.980156 -0.197256 11.645400 -0.163861 0.191478 0.967722 -1.422300 0.000000 0.000000 0.000000 1.000000
0.986266 0.051523 0.156923 -0.000100 -0.019708 0.980023 -0.197906 11.645400 -0.163985 0.192095 0.967579 -1.422300 0.000000 0.000000 0.000000 1.000000
0.986253 0.051737 0.156933 -0.000100 -0.019811 0.979892 -0.198543 11.645400 -0.164049 0.192704 0.967447 -1.422300 0.000000 0.000000 0.000000 1.000000
0.986247 0.051925 0.156908 -0.000100 -0.019900 0.979767 -0.199150 11.645400 -0.164074 0.193289 0.967326 -1.422300 0.000000 0.000000 0.000000 1.000000
0.986244 0.052092 0.156876 -0.000100 -0.019975 0.979650 -0.199718 11.645400 -0.164087 0.193837 0.967214 -1.422300 0.000000 0.000000 0.000000 1.000000
0.986239 0.052239 0.156858 -0.000100 -0.020036 0.979541 -0.200244 11.645400 -0.164109 0.194345 0.967108 -1.422300 0.000000 0.000000 0.000000 1.000000
0.986228 0.052371 0.156880 -0.000100 -0.020082 0.979443 -0.200721 11.645400 -0.164167 0.194807 0.967005 -1.422300 0.000000 0.000000 0.000000 1.000000
0.986210 0.052454 0.156964 -0.000100 -0.020079 0.979359 -0.201127 11.645400 -0.164274 0.195202 0.966908 -1.422300 0.000000 0.000000 0.000000 1.000000
0.986194 0.052519 0.157044 -0.000100 -0.020067 0.979287 -0.201481 11.645400 -0.164372 0.195548 0.966821 -1.422300 0.000000 0.000000 0.000000 1.000000
0.986184 0.052599 0.157082 -0.000100 -0.020085 0.979221 -0.201798 11.645400 -0.164432 0.195855 0.966749 -1.422300 0.000000 0.000000 0.000000 1.000000
0.986183 0.052695 0.157053 -0.000100 -0.020137 0.979162 -0.202082 11.645400 -0.164429 0.196127 0.966694 -1.422300 0.000000 0.000000 0.000000 1.000000
0.986183 0.052789 0.157022 -0.000100 -0.020199 0.979114 -0.202308 11.645400 -0.164422 0.196341 0.966652 -1.422300 0.000000 0.000000 0.000000 1.000000
0.986183 0.052857 0.157002 -0.000100 -0.020237 0.979073 -0.202502 11.645400 -0.164420 0.196527 0.966614 -1.422300 0.000000 0.000000 0.000000 1.000000
0.986183 0.052902 0.156988 -0.000100 -0.020257 0.979039 -0.202661 11.645400 -0.164419 0.196681 0.966583 -1.422300 0.000000 0.000000 0.000000 1.000000</float_array><technique_common><accessor source="#mixamorig_Spine1-Matrix-animation-output-transform-array" count="59" stride="16"><param type="float4x4"/></accessor></technique_common></source><source id="mixamorig_Spine1-Interpolations"><Name_array id="mixamorig_Spine1-Interpolations-array" count="59">
 LINEAR LINEAR LINEAR LINEAR LINEAR LINEAR LINEAR LINEAR LINEAR LINEAR LINEAR
LINEAR LINEAR LINEAR LINEAR LINEAR LINEAR LINEAR LINEAR LINEAR LINEAR LINEAR LINEAR
LINEAR LINEAR LINEAR LINEAR LINEAR LINEAR LINEAR LINEAR LINEAR LINEAR LINEAR LINEAR
LINEAR LINEAR LINEAR LINEAR LINEAR LINEAR LINEAR LINEAR LINEAR LINEAR LINEAR LINEAR
LINEAR LINEAR LINEAR LINEAR LINEAR LINEAR LINEAR LINEAR LINEAR LINEAR LINEAR LINEAR</Name_array><technique_common><accessor source="#mixamorig_Spine1-Interpolations-array" count="59"><param type="name"/></accessor></technique_common></source><sampler id="mixamorig_Spine1-Matrix-animation-transform"><input semantic="INPUT" source="#mixamorig_Spine1-Matrix-animation-input"/><input semantic="OUTPUT" source="#mixamorig_Spine1-Matrix-animation-output-transform"/><input semantic="INTERPOLATION" source="#mixamorig_Spine1-Interpolations"/></sampler><channel source="#mixamorig_Spine1-Matrix-animation-transform" target="mixamorig_Spine1/matrix"/></animation>
    <animation id="mixamorig_Spine2-anim" name="mixamorig_Spine2"><source id="mixamorig_Spine2-Matrix-animation-input"><float_array id="mixamorig_Spine2-Matrix-animation-input-array" count="59">

0.000000 0.033333 0.066667 0.100000 0.133333 0.166667 0.200000 0.233333 0.266667 0.300000 0.333333 0.366667 0.400000 0.433333 0.466667 0.500000
0.533333 0.566667 0.600000 0.633333 0.666667 0.700000 0.733333 0.766667 0.800000 0.833333 0.866667 0.900000 0.933333 0.966667 1.000000 1.033333
1.066667 1.100000 1.133333 1.166667 1.200000 1.233333 1.266667 1.300000 1.333333 1.366667 1.400000 1.433333 1.466667 1.500000 1.533333 1.566667
1.600000 1.633333 1.666667 1.700000 1.733333 1.766667 1.800000 1.833333 1.866667 1.900000 1.933333</float_array><technique_common><accessor source="#mixamorig_Spine2-Matrix-animation-input-array" count="59"><param name="TIME" type="float"/></accessor></technique_common></source><source id="mixamorig_Spine2-Matrix-animation-output-transform"><float_array id="mixamorig_Spine2-Matrix-animation-output-transform-array" count="944">

0.986184 0.053093 0.156915 0.000100 -0.020480 0.979057 -0.202553 13.360200 -0.164383 0.196541 0.966618 -1.626500 0.000000 0.000000 0.000000 1.000000
0.986184 0.053063 0.156923 0.000100 -0.020467 0.979079 -0.202451 13.360200 -0.164383 0.196442 0.966638 -1.626500 0.000000 0.000000 0.000000 1.000000
0.986185 0.052994 0.156941 0.000100 -0.020431 0.979124 -0.202233 13.360200 -0.164382 0.196232 0.966681 -1.626500 0.000000 0.000000 0.000000 1.000000
0.986205 0.052849 0.156868 0.000100 -0.020359 0.979196 -0.201894 13.360200 -0.164274 0.195915 0.966763 -1.626500 0.000000 0.000000 0.000000 1.000000
0.986249 0.052620 0.156665 0.000100 -0.020252 0.979293 -0.201431 13.360200 -0.164021 0.195488 0.966893 -1.626500 0.000000 0.000000 0.000000 1.000000
0.986345 0.052219 0.156195 0.000100 -0.020045 0.979416 -0.200855 13.360200 -0.163469 0.194981 0.967089 -1.626500 0.000000 0.000000 0.000000 1.000000
0.986440 0.051820 0.155727 0.000100 -0.019852 0.979553 -0.200204 13.360200 -0.162917 0.194398 0.967299 -1.626500 0.000000 0.000000 0.000000 1.000000
0.986494 0.051491 0.155491 0.000100 -0.019698 0.979708 -0.199460 13.360200 -0.162606 0.193703 0.967491 -1.626500 0.000000 0.000000 0.000000 1.000000
0.986508 0.051224 0.155492 0.000100 -0.019577 0.979884 -0.198603 13.360200 -0.162538 0.192880 0.967667 -1.626500 0.000000 0.000000 0.000000 1.000000
0.986492 0.051001 0.155666 0.000100 -0.019488 0.980087 -0.197612 13.360200 -0.162644 0.191910 0.967842 -1.626500 0.000000 0.000000 0.000000 1.000000
0.986462 0.050791 0.155924 0.000100 -0.019402 0.980296 -0.196580 13.360200 -0.162836 0.190894 0.968010 -1.626500 0.000000 0.000000 0.000000 1.000000
0.986430 0.050570 0.156197 0.000100 -0.019290 0.980490 -0.195619 13.360200 -0.163043 0.189952 0.968161 -1.626500 0.000000 0.000000 0.000000 1.000000
0.986417 0.050294 0.156371 0.000100 -0.019127 0.980665 -0.194759 13.360200 -0.163143 0.189123 0.968306 -1.626500 0.000000 0.000000 0.000000 1.000000
0.986444 0.049938 0.156317 0.000100 -0.018920 0.980829 -0.193948 13.360200 -0.163006 0.188361 0.968478 -1.626500 0.000000 0.000000 0.000000 1.000000
0.986511 0.049504 0.156033 0.000100 -0.018685 0.981000 -0.193104 13.360200 -0.162628 0.187583 0.968692 -1.626500 0.000000 0.000000 0.000000 1.000000
0.986570 0.049076 0.155792 0.000100 -0.018461 0.981186 -0.192178 13.360200 -0.162292 0.186721 0.968915 -1.626500 0.000000 0.000000 0.000000 1.000000
0.986588 0.048705 0.155793 0.000100 -0.018256 0.981382 -0.191198 13.360200 -0.162205 0.185790 0.969109 -1.626500 0.000000 0.000000 0.000000 1.000000
0.986565 0.048443 0.156022 0.000100 -0.018114 0.981572 -0.190233 13.360200 -0.162362 0.184851 0.969262 -1.626500 0.000000 0.000000 0.000000 1.000000
0.986532 0.048238 0.156295 0.000100 -0.018006 0.981746 -0.189343 13.360200 -0.162576 0.183978 0.969392 -1.626500 0.000000 0.000000 0.000000 1.000000
0.986517 0.048027 0.156453 0.000100 -0.017895 0.981895 -0.188579 13.360200 -0.162677 0.183237 0.969516 -1.626500 0.000000 0.000000 0.000000 1.000000
0.986530 0.047796 0.156445 0.000100 -0.017784 0.982032 -0.187877 13.360200 -0.162614 0.182564 0.969653 -1.626500 0.000000 0.000000 0.000000 1.000000
0.986555 0.047588 0.156350 0.000100 -0.017706 0.982159 -0.187215 13.360200 -0.162470 0.181930 0.969796 -1.626500 0.000000 0.000000 0.000000 1.000000
0.986573 0.047419 0.156283 0.000100 -0.017659 0.982285 -0.186562 13.360200 -0.162360 0.181297 0.969933 -1.626500 0.000000 0.000000 0.000000 1.000000
0.986578 0.047293 0.156292 0.000100 -0.017631 0.982397 -0.185970 13.360200 -0.162335 0.180719 0.970045 -1.626500 0.000000 0.000000 0.000000 1.000000
0.986573 0.047209 0.156348 0.000100 -0.017617 0.982487 -0.185499 13.360200 -0.162367 0.180254 0.970127 -1.626500 0.000000 0.000000 0.000000 1.000000
0.986560 0.047190 0.156436 0.000100 -0.017630 0.982542 -0.185205 13.360200 -0.162445 0.179958 0.970168 -1.626500 0.000000 0.000000 0.000000 1.000000
0.986544 0.047257 0.156520 0.000100 -0.017689 0.982549 -0.185163 13.360200 -0.162539 0.179902 0.970163 -1.626500 0.000000 0.000000 0.000000 1.000000
0.986527 0.047419 0.156578 0.000100 -0.017798 0.982500 -0.185410 13.360200 -0.162630 0.180125 0.970107 -1.626500 0.000000 0.000000 0.000000 1.000000
0.986509 0.047629 0.156622 0.000100 -0.017923 0.982413 -0.185861 13.360200 -0.162720 0.180547 0.970013 -1.626500 0.000000 0.000000 0.000000 1.000000
0.986491 0.047859 0.156670 0.000100 -0.018055 0.982310 -0.186391 13.360200 -0.162819 0.181045 0.969903 -1.626500 0.000000 0.000000 0.000000 1.000000
0.986475 0.048070 0.156704 0.000100 -0.018161 0.982199 -0.186964 13.360200 -0.162902 0.181589 0.969788 -1.626500 0.000000 0.000000 0.000000 1.000000
0.986473 0.048257 0.156660 0.000100 -0.018236 0.982061 -0.187681 13.360200 -0.162907 0.182285 0.969656 -1.626500 0.000000 0.000000 0.000000 1.000000
0.986486 0.048422 0.156526 0.000100 -0.018279 0.981894 -0.188549 13.360200 -0.162822 0.183139 0.969510 -1.626500 0.000000 0.000000 0.000000 1.000000
0.986503 0.048582 0.156372 0.000100 -0.018324 0.981728 -0.189403 13.360200 -0.162716 0.183981 0.969368 -1.626500 0.000000 0.000000 0.000000 1.000000
