<?xml version="1.0" encoding="utf-8"?>
<COLLADA xmlns="http://www.collada.org/2005/11/COLLADASchema" version="1.4.1">
  <asset><contributor><author>Mixamo</author><authoring_tool>COLLADA Mixamo exporter</authoring_tool><comments></comments></contributor><created>2018-10-08T17:21:59Z</created><modified>2018-10-08T17:21:59Z</modified><revision></revision><title></title><unit meter="0.010000"/><up_axis>Y_UP</up_axis></asset>
  <library_animations>
    <animation id="mixamorig_Hips-anim" name="mixamorig_Hips"><source id="mixamorig_Hips-Matrix-animation-input"><float_array id="mixamorig_Hips-Matrix-animation-input-array" count="29">

0.000000 0.033333 0.066667 0.100000 0.133333 0.166667 0.200000 0.233333 0.266667 0.300000 0.333333 0.366667 0.400000 0.433333 0.466667 0.500000
0.533333 0.566667 0.600000 0.633333 0.666667 0.700000 0.733333 0.766667 0.800000 0.833333 0.866667 0.900000 0.933333</float_array><technique_common><accessor source="#mixamorig_Hips-Matrix-animation-input-array" count="29"><param name="TIME" type="float"/></accessor></technique_common></source><source id="mixamorig_Hips-Matrix-animation-output-transform"><float_array id="mixamorig_Hips-Matrix-animation-output-transform-array" count="464">

0.991390 0.076955 -0.105939 0.432144 -0.070316 0.995402 0.065047 98.390686 0.110458 -0.057038 0.992243 -0.065172 0.000000 0.000000 0.000000 1.000000
0.996852 0.067388 -0.041765 0.238280 -0.065207 0.996540 0.051540 98.329453 0.045094 -0.048654 0.997797 -0.777501 0.000000 0.000000 0.000000 1.000000
0.997982 0.057765 0.026360 -0.145602 -0.058836 0.997391 0.041825 98.322090 -0.023876 -0.043291 0.998777 -1.549284 0.000000 0.000000 0.000000 1.000000
0.994315 0.050256 0.093871 -0.676762 -0.053811 0.997912 0.035730 98.352539 -0.091880 -0.040578 0.994943 -2.444588 0.000000 0.000000 0.000000 1.000000
0.987024 0.041294 0.155174 -1.373148 -0.046911 0.998363 0.032714 98.553635 -0.153569 -0.039569 0.987345 -3.410045 0.000000 0.000000 0.000000 1.000000
0.977466 0.031703 0.208700 -2.157383 -0.039240 0.998715 0.032069 98.787849 -0.207415 -0.039536 0.977454 -4.366524 0.000000 0.000000 0.000000 1.000000
0.966763 0.026405 0.254307 -2.902557 -0.035953 0.998809 0.032970 98.873039 -0.253134 -0.041018 0.966561 -5.267695 0.000000 0.000000 0.000000 1.000000
0.955274 0.023317 0.294800 -3.582301 -0.034845 0.998817 0.033910 98.864456 -0.293661 -0.042665 0.954957 -6.126173 0.000000 0.000000 0.000000 1.000000
0.941857 0.018133 0.335524 -4.196009 -0.031661 0.998889 0.034891 98.890961 -0.334518 -0.043485 0.941385 -6.952085 0.000000 0.000000 0.000000 1.000000
0.926154 0.013780 0.376893 -4.659876 -0.030372 0.998812 0.038117 98.866478 -0.375919 -0.046749 0.925472 -7.725742 0.000000 0.000000 0.000000 1.000000
0.910081 0.012201 0.414251 -4.890815 -0.033413 0.998473 0.043997 98.771439 -0.413082 -0.053882 0.909099 -8.456253 0.000000 0.000000 0.000000 1.000000
0.895206 0.012864 0.445466 -4.819314 -0.039751 0.997904 0.051065 98.625092 -0.443876 -0.063422 0.893841 -9.202495 0.000000 0.000000 0.000000 1.000000
0.880456 0.013630 0.473932 -4.540450 -0.046357 0.997272 0.057439 98.423119 -0.471856 -0.072543 0.878686 -9.983071 0.000000 0.000000 0.000000 1.000000
0.862677 0.005429 0.505725 -4.384770 -0.042925 0.997120 0.062518 98.212769 -0.503930 -0.075641 0.860426 -10.671152 0.000000 0.000000 0.000000 1.000000
0.839193 -0.006346 0.543797 -4.401820 -0.037112 0.996933 0.068905 98.037659 -0.542566 -0.078006 0.836383 -11.181296 0.000000 0.000000 0.000000 1.000000
0.808174 -0.013548 0.588788 -4.448296 -0.039100 0.996295 0.076594 97.973206 -0.587645 -0.084923 0.804650 -11.523383 0.000000 0.000000 0.000000 1.000000
0.766921 -0.016585 0.641527 -4.519462 -0.047161 0.995506 0.082116 98.086792 -0.640006 -0.093232 0.762692 -11.471371 0.000000 0.000000 0.000000 1.000000
0.716963 -0.021277 0.696786 -4.595308 -0.053455 0.994913 0.085383 98.248070 -0.695058 -0.098463 0.712179 -10.911258 0.000000 0.000000 0.000000 1.000000
0.661850 -0.027452 0.749133 -4.557973 -0.058139 0.994439 0.087807 98.412003 -0.747378 -0.101669 0.656574 -10.045869 0.000000 0.000000 0.000000 1.000000
0.599053 -0.030734 0.800119 -4.410001 -0.064199 0.994202 0.086255 98.612419 -0.798132 -0.103038 0.593607 -9.058634 0.000000 0.000000 0.000000 1.000000
0.525103 -0.033199 0.850391 -4.165762 -0.068564 0.994340 0.081156 98.776367 -0.848272 -0.100922 0.519855 -8.099375 0.000000 0.000000 0.000000 1.000000
0.416844 -0.040632 0.908069 -3.311756 -0.073880 0.994181 0.078399 98.767403 -0.905971 -0.099769 0.411417 -6.343784 0.000000 0.000000 0.000000 1.000000
0.328463 -0.047484 0.943323 -2.416564 -0.073958 0.994376 0.075806 98.548264 -0.941617 -0.094665 0.323103 -4.834314 0.000000 0.000000 0.000000 1.000000
0.260153 -0.050657 0.964238 -1.564708 -0.074246 0.994617 0.072285 98.499229 -0.962709 -0.090396 0.254992 -3.409333 0.000000 0.000000 0.000000 1.000000
0.203003 -0.052565 0.977766 -0.907658 -0.073458 0.994927 0.068739 98.493355 -0.976419 -0.085779 0.198111 -2.259680 0.000000 0.000000 0.000000 1.000000
0.156839 -0.054238 0.986134 -0.468277 -0.071451 0.995251 0.066104 98.460045 -0.985036 -0.080828 0.152219 -1.420488 0.000000 0.000000 0.000000 1.000000
0.124781 -0.055607 0.990625 -0.202734 -0.070550 0.995404 0.064761 98.424522 -0.989673 -0.077970 0.120284 -0.839282 0.000000 0.000000 0.000000 1.000000
0.115750 -0.056558 0.991667 -0.086607 -0.070440 0.995396 0.064992 98.400497 -0.990778 -0.077376 0.111233 -0.493576 0.000000 0.000000 0.000000 1.000000
0.110465 -0.057170 0.992234 -0.065500 -0.070304 0.995394 0.065179 98.390549 -0.991390 -0.076958 0.105937 -0.432115 0.000000 0.000000 0.000000 1.000000</float_array><technique_common><accessor source="#mixamorig_Hips-Matrix-animation-output-transform-array" count="29" stride="16"><param type="float4x4"/></accessor></technique_common></source><source id="mixamorig_Hips-Interpolations"><Name_array id="mixamorig_Hips-Interpolations-array" count="29">
 LINEAR LINEAR LINEAR LINEAR LINEAR LINEAR LINEAR LINEAR LINEAR LINEAR LINEAR
LINEAR LINEAR LINEAR LINEAR LINEAR LINEAR LINEAR LINEAR LINEAR LINEAR LINEAR LINEAR
LINEAR LINEAR LINEAR LINEAR LINEAR LINEAR</Name_array><technique_common><accessor source="#mixamorig_Hips-Interpolations-array" count="29"><param type="name"/></accessor></technique_common></source><sampler id="mixamorig_Hips-Matrix-animation-transform"><input semantic="INPUT" source="#mixamorig_Hips-Matrix-animation-input"/><input semantic="OUTPUT" source="#mixamorig_Hips-Matrix-animation-output-transform"/><input semantic="INTERPOLATION" source="#mixamorig_Hips-Interpolations"/></sampler><channel source="#mixamorig_Hips-Matrix-animation-transform" target="mixamorig_Hips/matrix"/></animation>
    <animation id="mixamorig_Spine-anim" name="mixamorig_Spine"><source id="mixamorig_Spine-Matrix-animation-input"><float_array id="mixamorig_Spine-Matrix-animation-input-array" count="29">

0.000000 0.033333 0.066667 0.100000 0.133333 0.166667 0.200000 0.233333 0.266667 0.300000 0.333333 0.366667 0.400000 0.433333 0.466667 0.500000
0.533333 0.566667 0.600000 0.633333 0.666667 0.700000 0.733333 0.766667 0.800000 0.833333 0.866667 0.900000 0.933333</float_array><technique_common><accessor source="#mixamorig_Spine-Matrix-animation-input-array" count="29"><param name="TIME" type="float"/></accessor></technique_common></source><source id="mixamorig_Spine-Matrix-animation-output-transform"><float_array id="mixamorig_Spine-Matrix-animation-output-transform-array" count="464">

0.997664 -0.062455 0.027684 0.000000 0.063959 0.996309 -0.057251 9.923500 -0.024006 0.058888 0.997976 -1.227300 0.000000 0.000000 0.000000 1.000000
0.997467 -0.063543 0.031982 0.000000 0.065337 0.996141 -0.058598 9.923500 -0.028135 0.060539 0.997769 -1.227300 0.000000 0.000000 0.000000 1.000000
0.997383 -0.063080 0.035316 0.000000 0.065142 0.996032 -0.060633 9.923500 -0.031351 0.062775 0.997535 -1.227300 0.000000 0.000000 0.000000 1.000000
0.997526 -0.059109 0.038058 0.000000 0.061445 0.996093 -0.063431 9.923500 -0.034160 0.065613 0.997260 -1.227300 0.000000 0.000000 0.000000 1.000000
0.997866 -0.050924 0.040866 -0.000000 0.053570 0.996347 -0.066500 9.923500 -0.037331 0.068547 0.996949 -1.227300 0.000000 0.000000 0.000000 1.000000
0.998194 -0.040559 0.044320 0.000000 0.043552 0.996680 -0.068796 9.923500 -0.041383 0.070602 0.996646 -1.227300 0.000000 0.000000 0.000000 1.000000
0.998367 -0.030810 0.048111 0.000000 0.034114 0.997003 -0.069437 9.923500 -0.045828 0.070965 0.996426 -1.227300 0.000000 0.000000 0.000000 1.000000
0.998440 -0.022530 0.051087 0.000000 0.026009 0.997313 -0.068482 9.923500 -0.049407 0.069704 0.996343 -1.227300 0.000000 0.000000 0.000000 1.000000
0.998489 -0.015197 0.052800 0.000000 0.018718 0.997587 -0.066854 9.923500 -0.051657 0.067742 0.996365 -1.227300 0.000000 0.000000 0.000000 1.000000
0.998445 -0.010452 0.054763 0.000000 0.014022 0.997772 -0.065227 9.923500 -0.053959 0.065894 0.996367 -1.227300 0.000000 0.000000 0.000000 1.000000
0.998196 -0.012087 0.058807 0.000000 0.015808 0.997874 -0.063220 9.923500 -0.057918 0.064036 0.996265 -1.227300 0.000000 0.000000 0.000000 1.000000
0.997721 -0.020441 0.064301 -0.000000 0.024332 0.997883 -0.060318 9.923500 -0.062931 0.061745 0.996106 -1.227300 0.000000 0.000000 0.000000 1.000000
0.997226 -0.030070 0.068093 -0.000000 0.033999 0.997778 -0.057290 9.923500 -0.066219 0.059447 0.996033 -1.227300 0.000000 0.000000 0.000000 1.000000
0.997141 -0.033744 0.067612 -0.000000 0.037554 0.997730 -0.055894 9.923500 -0.065572 0.058273 0.996145 -1.227300 0.000000 0.000000 0.000000 1.000000
0.997476 -0.032706 0.063028 -0.000000 0.036295 0.997733 -0.056672 9.923500 -0.061032 0.058816 0.996401 -1.227300 0.000000 0.000000 0.000000 1.000000
0.997805 -0.034516 0.056512 0.000000 0.037796 0.997599 -0.058036 9.923500 -0.054373 0.060045 0.996714 -1.227300 0.000000 0.000000 0.000000 1.000000
0.997942 -0.039670 0.050380 0.000000 0.042622 0.997352 -0.058927 9.923500 -0.047909 0.060953 0.996990 -1.227300 0.000000 0.000000 0.000000 1.000000
0.997981 -0.043615 0.046166 -0.000000 0.046369 0.997098 -0.060371 9.923500 -0.043399 0.062390 0.997108 -1.227300 0.000000 0.000000 0.000000 1.000000
0.998078 -0.043913 0.043724 0.000000 0.046660 0.996863 -0.063928 9.923500 -0.040779 0.065845 0.996996 -1.227300 0.000000 0.000000 0.000000 1.000000
0.998293 -0.041564 0.041037 -0.000000 0.044330 0.996635 -0.068945 9.923500 -0.038033 0.070646 0.996776 -1.227300 0.000000 0.000000 0.000000 1.000000
0.998690 -0.036381 0.035985 -0.000000 0.038920 0.996603 -0.072579 9.923500 -0.033222 0.073885 0.996713 -1.227300 0.000000 0.000000 0.000000 1.000000
0.999169 -0.028823 0.028825 -0.000000 0.030858 0.996868 -0.072811 9.923500 -0.026636 0.073640 0.996929 -1.227300 0.000000 0.000000 0.000000 1.000000
0.999534 -0.021264 0.021882 0.000000 0.022759 0.997251 -0.070510 9.923500 -0.020322 0.070976 0.997271 -1.227300 0.000000 0.000000 0.000000 1.000000
0.999702 -0.017342 0.017209 -0.000000 0.018467 0.997547 -0.067521 9.923500 -0.015995 0.067819 0.997569 -1.227300 0.000000 0.000000 0.000000 1.000000
0.999653 -0.021262 0.015577 -0.000000 0.022228 0.997657 -0.064709 9.923500 -0.014165 0.065033 0.997783 -1.227300 0.000000 0.000000 0.000000 1.000000
0.999361 -0.031431 0.017046 -0.000000 0.032434 0.997536 -0.062209 9.923500 -0.015049 0.062722 0.997918 -1.227300 0.000000 0.000000 0.000000 1.000000
0.998811 -0.044082 0.020817 0.000000 0.045260 0.997172 -0.060003 9.923500 -0.018113 0.060874 0.997981 -1.227300 0.000000 0.000000 0.000000 1.000000
0.998150 -0.055416 0.025012 0.000000 0.056794 0.996686 -0.058243 9.923500 -0.021701 0.059556 0.997989 -1.227300 0.000000 0.000000 0.000000 1.000000
0.997664 -0.062452 0.027684 0.000000 0.063956 0.996309 -0.057251 9.923500 -0.024007 0.058888 0.997976 -1.227300 0.000000 0.000000 0.000000 1.000000</float_array><technique_common><accessor source="#mixamorig_Spine-Matrix-animation-output-transform-array" count="29" stride="16"><param type="float4x4"/></accessor></technique_common></source><source id="mixamorig_Spine-Interpolations"><Name_array id="mixamorig_Spine-Interpolations-array" count="29">
 LINEAR LINEAR LINEAR LINEAR LINEAR LINEAR LINEAR LINEAR LINEAR LINEAR LINEAR
LINEAR LINEAR LINEAR LINEAR LINEAR LINEAR LINEAR LINEAR LINEAR LINEAR LINEAR LINEAR
LINEAR LINEAR LINEAR LINEAR LINEAR LINEAR</Name_array><technique_common><accessor source="#mixamorig_Spine-Interpolations-array" count="29"><param type="name"/></accessor></technique_common></source><sampler id="mixamorig_Spine-Matrix-animation-transform"><input semantic="INPUT" source="#mixamorig_Spine-Matrix-animation-input"/><input semantic="OUTPUT" source="#mixamorig_Spine-Matrix-animation-output-transform"/><input semantic="INTERPOLATION" source="#mixamorig_Spine-Interpolations"/></sampler><channel source="#mixamorig_Spine-Matrix-animation-transform" target="mixamorig_Spine/matrix"/></animation>
    <animation id="mixamorig_Spine1-anim" name="mixamorig_Spine1"><source id="mixamorig_Spine1-Matrix-animation-input"><float_array id="mixamorig_Spine1-Matrix-animation-input-array" count="29">

0.000000 0.033333 0.066667 0.100000 0.133333 0.166667 0.200000 0.233333 0.266667 0.300000 0.333333 0.366667 0.400000 0.433333 0.466667 0.500000
0.533333 0.566667 0.600000 0.633333 0.666667 0.700000 0.733333 0.766667 0.800000 0.833333 0.866667 0.900000 0.933333</float_array><technique_common><accessor source="#mixamorig_Spine1-Matrix-animation-input-array" count="29"><param name="TIME" type="float"/></accessor></technique_common></source><source id="mixamorig_Spine1-Matrix-animation-output-transform"><float_array id="mixamorig_Spine1-Matrix-animation-output-transform-array" count="464">

0.999545 -0.029509 0.006247 -0.000100 0.029630 0.999357 -0.020210 11.645400 -0.005647 0.020386 0.999776 -1.422300 0.000000 0.000000 0.000000 1.000000
0.999520 -0.029662 0.008897 -0.000100 0.029850 0.999317 -0.021787 11.645400 -0.008245 0.022042 0.999723 -1.422300 0.000000 0.000000 0.000000 1.000000
0.999441 -0.031550 0.011053 -0.000100 0.031806 0.999212 -0.023750 11.645400 -0.010295 0.024088 0.999657 -1.422300 0.000000 0.000000 0.000000 1.000000
0.999297 -0.035023 0.013412 -0.000100 0.035366 0.999028 -0.026317 11.645400 -0.012477 0.026772 0.999564 -1.422300 0.000000 0.000000 0.000000 1.000000
0.999083 -0.039473 0.016610 -0.000100 0.039946 0.998777 -0.029150 11.645400 -0.015439 0.029787 0.999437 -1.422300 0.000000 0.000000 0.000000 1.000000
0.998797 -0.044439 0.020726 -0.000100 0.045075 0.998492 -0.031324 11.645400 -0.019303 0.032220 0.999294 -1.422300 0.000000 0.000000 0.000000 1.000000
0.998436 -0.049989 0.025021 -0.000100 0.050779 0.998197 -0.032004 11.645400 -0.023376 0.033225 0.999174 -1.422300 0.000000 0.000000 0.000000 1.000000
0.998015 -0.056228 0.028356 -0.000100 0.057108 0.997879 -0.031243 11.645400 -0.026539 0.032800 0.999110 -1.422300 0.000000 0.000000 0.000000 1.000000
0.997546 -0.063046 0.030458 -0.000100 0.063956 0.997505 -0.029885 11.645400 -0.028498 0.031760 0.999089 -1.422300 0.000000 0.000000 0.000000 1.000000
0.996988 -0.070326 0.032706 -0.000100 0.071266 0.997050 -0.028501 11.645400 -0.030606 0.030746 0.999059 -1.422300 0.000000 0.000000 0.000000 1.000000
0.996311 -0.077561 0.036717 -0.000100 0.078561 0.996554 -0.026603 11.645400 -0.034527 0.029390 0.998972 -1.422300 0.000000 0.000000 0.000000 1.000000
0.995642 -0.083237 0.042058 -0.000100 0.084273 0.996166 -0.023494 11.645400 -0.039941 0.026936 0.998839 -1.422300 0.000000 0.000000 0.000000 1.000000
0.995238 -0.085820 0.046214 -0.000100 0.086807 0.996029 -0.019774 11.645400 -0.044334 0.023692 0.998736 -1.422300 0.000000 0.000000 0.000000 1.000000
0.995179 -0.086060 0.047029 -0.000100 0.086948 0.996065 -0.017181 11.645400 -0.045365 0.021187 0.998746 -1.422300 0.000000 0.000000 0.000000 1.000000
0.995231 -0.086843 0.044419 -0.000100 0.087655 0.996011 -0.016663 11.645400 -0.042795 0.020477 0.998874 -1.422300 0.000000 0.000000 0.000000 1.000000
0.995250 -0.088901 0.039671 -0.000100 0.089638 0.995825 -0.017221 11.645400 -0.037974 0.020695 0.999064 -1.422300 0.000000 0.000000 0.000000 1.000000
0.995332 -0.090032 0.034762 -0.000100 0.090680 0.995726 -0.017529 11.645400 -0.033036 0.020600 0.999242 -1.422300 0.000000 0.000000 0.000000 1.000000
0.995598 -0.087976 0.032322 -0.000100 0.088591 0.995903 -0.018115 11.645400 -0.030596 0.020899 0.999313 -1.422300 0.000000 0.000000 0.000000 1.000000
0.995959 -0.083337 0.033477 -0.000100 0.084049 0.996251 -0.020473 11.645400 -0.031645 0.023204 0.999230 -1.422300 0.000000 0.000000 0.000000 1.000000
0.996357 -0.077945 0.034591 -0.000100 0.078800 0.996600 -0.024064 11.645400 -0.032597 0.026702 0.999112 -1.422300 0.000000 0.000000 0.000000 1.000000
0.996970 -0.071868 0.029755 -0.000100 0.072650 0.997017 -0.026078 11.645400 -0.027792 0.028160 0.999217 -1.422300 0.000000 0.000000 0.000000 1.000000
0.997760 -0.064157 0.018943 -0.000100 0.064623 0.997595 -0.025082 11.645400 -0.017288 0.026250 0.999506 -1.422300 0.000000 0.000000 0.000000 1.000000
0.998416 -0.055569 0.008828 -0.000100 0.055759 0.998180 -0.022975 11.645400 -0.007535 0.023431 0.999697 -1.422300 0.000000 0.000000 0.000000 1.000000
0.998832 -0.048190 0.003465 -0.000100 0.048254 0.998595 -0.021889 11.645400 -0.002405 0.022031 0.999754 -1.422300 0.000000 0.000000 0.000000 1.000000
0.999074 -0.043000 0.001450 -0.000100 0.043022 0.998837 -0.021780 11.645400 -0.000511 0.021822 0.999762 -1.422300 0.000000 0.000000 0.000000 1.000000
0.999234 -0.039124 0.001144 -0.000100 0.039139 0.998999 -0.021640 11.645400 -0.000297 0.021669 0.999765 -1.422300 0.000000 0.000000 0.000000 1.000000
0.999373 -0.035335 0.002356 -0.000100 0.035377 0.999152 -0.021077 11.645400 -0.001609 0.021147 0.999775 -1.422300 0.000000 0.000000 0.000000 1.000000
0.999487 -0.031717 0.004489 -0.000100 0.031802 0.999284 -0.020474 11.645400 -0.003836 0.020607 0.999780 -1.422300 0.000000 0.000000 0.000000 1.000000
0.999544 -0.029528 0.006253 -0.000100 0.029648 0.999356 -0.020210 11.645400 -0.005652 0.020386 0.999776 -1.422300 0.000000 0.000000 0.000000 1.000000</float_array><technique_common><accessor source="#mixamorig_Spine1-Matrix-animation-output-transform-array" count="29" stride="16"><param type="float4x4"/></accessor></technique_common></source><source id="mixamorig_Spine1-Interpolations"><Name_array id="mixamorig_Spine1-Interpolations-array" count="29">
 LINEAR LINEAR LINEAR LINEAR LINEAR LINEAR LINEAR LINEAR LINEAR LINEAR LINEAR
LINEAR LINEAR LINEAR LINEAR LINEAR LINEAR LINEAR LINEAR LINEAR LINEAR LINEAR LINEAR
LINEAR LINEAR LINEAR LINEAR LINEAR LINEAR</Name_array><technique_common><accessor source="#mixamorig_Spine1-Interpolations-array" count="29"><param type="name"/></accessor></technique_common></source><sampler id="mixamorig_Spine1-Matrix-animation-transform"><input semantic="INPUT" source="#mixamorig_Spine1-Matrix-animation-input"/><input semantic="OUTPUT" source="#mixamorig_Spine1-Matrix-animation-output-transform"/><input semantic="INTERPOLATION" source="#mixamorig_Spine1-Interpolations"/></sampler><channel source="#mixamorig_Spine1-Matrix-animation-transform" target="mixamorig_Spine1/matrix"/></animation>
    <animation id="mixamorig_Spine2-anim" name="mixamorig_Spine2"><source id="mixamorig_Spine2-Matrix-animation-input"><float_array id="mixamorig_Spine2-Matrix-animation-input-array" count="29">

0.000000 0.033333 0.066667 0.100000 0.133333 0.166667 0.200000 0.233333 0.266667 0.300000 0.333333 0.366667 0.400000 0.433333 0.466667 0.500000
0.533333 0.566667 0.600000 0.633333 0.666667 0.700000 0.733333 0.766667 0.800000 0.833333 0.866667 0.900000 0.933333</float_array><technique_common><accessor source="#mixamorig_Spine2-Matrix-animation-input-array" count="29"><param name="TIME" type="float"/></accessor></technique_common></source><source id="mixamorig_Spine2-Matrix-animation-output-transform"><float_array id="mixamorig_Spine2-Matrix-animation-output-transform-array" count="464">

0.999539 -0.029606 0.006693 0.000100 0.029733 0.999363 -0.019752 13.360200 -0.006104 0.019942 0.999783 -1.626500 0.000000 0.000000 0.000000 1.000000
0.999539 -0.028896 0.009360 0.000100 0.029089 0.999351 -0.021262 13.360200 -0.008740 0.021524 0.999730 -1.626500 0.000000 0.000000 0.000000 1.000000
0.999521 -0.028765 0.011409 0.000100 0.029023 0.999310 -0.023167 13.360200 -0.010734 0.023487 0.999667 -1.626500 0.000000 0.000000 0.000000 1.000000
0.999488 -0.029012 0.013482 0.000100 0.029351 0.999239 -0.025694 13.360200 -0.012726 0.026077 0.999579 -1.626500 0.000000 0.000000 0.000000 1.000000
0.999443 -0.029175 0.016211 0.000100 0.029629 0.999154 -0.028511 13.360200 -0.015365 0.028975 0.999462 -1.626500 0.000000 0.000000 0.000000 1.000000
0.999381 -0.029127 0.019707 0.000100 0.029723 0.999087 -0.030689 13.360200 -0.018795 0.031256 0.999335 -1.626500 0.000000 0.000000 0.000000 1.000000
0.999306 -0.029065 0.023277 0.000100 0.029790 0.999063 -0.031394 13.360200 -0.022343 0.032065 0.999236 -1.626500 0.000000 0.000000 0.000000 1.000000
0.999241 -0.029174 0.025824 0.000100 0.029962 0.999080 -0.030678 13.360200 -0.024906 0.031429 0.999196 -1.626500 0.000000 0.000000 0.000000 1.000000
0.999195 -0.029567 0.027111 0.000100 0.030362 0.999107 -0.029391 13.360200 -0.026218 0.030191 0.999200 -1.626500 0.000000 0.000000 0.000000 1.000000
0.999132 -0.030345 0.028538 0.000100 0.031147 0.999120 -0.028100 13.360200 -0.027660 0.028965 0.999198 -1.626500 0.000000 0.000000 0.000000 1.000000
0.999008 -0.031234 0.031736 0.000100 0.032074 0.999139 -0.026319 13.360200 -0.030886 0.027311 0.999150 -1.626500 0.000000 0.000000 0.000000 1.000000
0.998863 -0.030901 0.036301 0.000100 0.031761 0.999223 -0.023352 13.360200 -0.035551 0.024478 0.999068 -1.626500 0.000000 0.000000 0.000000 1.000000
0.998817 -0.027948 0.039782 0.000100 0.028753 0.999391 -0.019796 13.360200 -0.039205 0.020916 0.999012 -1.626500 0.000000 0.000000 0.000000 1.000000
0.998926 -0.023261 0.040082 0.000100 0.023973 0.999562 -0.017373 13.360200 -0.039661 0.018315 0.999045 -1.626500 0.000000 0.000000 0.000000 1.000000
0.999114 -0.019822 0.037127 0.000100 0.020465 0.999646 -0.017010 13.360200 -0.036776 0.017755 0.999166 -1.626500 0.000000 0.000000 0.000000 1.000000
0.999315 -0.018414 0.032107 0.000100 0.018990 0.999663 -0.017724 13.360200 -0.031770 0.018322 0.999327 -1.626500 0.000000 0.000000 0.000000 1.000000
0.999490 -0.017218 0.026900 0.000100 0.017712 0.999677 -0.018251 13.360200 -0.026577 0.018719 0.999471 -1.626500 0.000000 0.000000 0.000000 1.000000
0.999593 -0.015115 0.024203 0.000100 0.015582 0.999694 -0.019189 13.360200 -0.023905 0.019558 0.999523 -1.626500 0.000000 0.000000 0.000000 1.000000
0.999578 -0.014075 0.025413 0.000100 0.014635 0.999651 -0.021975 13.360200 -0.025095 0.022337 0.999435 -1.626500 0.000000 0.000000 0.000000 1.000000
0.999504 -0.016024 0.027118 0.000100 0.016724 0.999527 -0.025790 13.360200 -0.026692 0.026231 0.999299 -1.626500 0.000000 0.000000 0.000000 1.000000
0.999534 -0.019682 0.023353 0.000100 0.020323 0.999414 -0.027542 13.360200 -0.022797 0.028003 0.999348 -1.626500 0.000000 0.000000 0.000000 1.000000
0.999646 -0.022724 0.013861 0.000100 0.023077 0.999397 -0.025934 13.360200 -0.013263 0.026244 0.999568 -1.626500 0.000000 0.000000 0.000000 1.000000
0.999670 -0.025154 0.005204 0.000100 0.025268 0.999410 -0.023280 13.360200 -0.004615 0.023404 0.999715 -1.626500 0.000000 0.000000 0.000000 1.000000
0.999598 -0.028310 0.001396 0.000100 0.028334 0.999359 -0.021864 13.360200 -0.000777 0.021894 0.999760 -1.626500 0.000000 0.000000 0.000000 1.000000
0.999490 -0.031920 0.000768 0.000100 0.031930 0.999258 -0.021547 13.360200 -0.000079 0.021561 0.999768 -1.626500 0.000000 0.000000 0.000000 1.000000
0.999420 -0.034020 0.001335 0.000100 0.034041 0.999195 -0.021244 13.360200 -0.000611 0.021277 0.999773 -1.626500 0.000000 0.000000 0.000000 1.000000
0.999437 -0.033429 0.002854 0.000100 0.033481 0.999227 -0.020608 13.360200 -0.002163 0.020692 0.999784 -1.626500 0.000000 0.000000 0.000000 1.000000
0.999500 -0.031214 0.004975 0.000100 0.031307 0.999310 -0.020000 13.360200 -0.004347 0.020145 0.999788 -1.626500 0.000000 0.000000 0.000000 1.000000
0.999540 -0.029575 0.006683 0.000100 0.029702 0.999364 -0.019752 13.360200 -0.006095 0.019942 0.999783 -1.626500 0.000000 0.000000 0.000000 1.000000</float_array><technique_common><accessor source="#mixamorig_Spine2-Matrix-animation-output-transform-array" count="29" stride="16"><param type="float4x4"/></accessor></technique_common></source><source id="mixamorig_Spine2-Interpolations"><Name_array id="mixamorig_Spine2-Interpolations-array" count="29">
 LINEAR LINEAR LINEAR LINEAR LINEAR LINEAR LINEAR LINEAR LINEAR LINEAR LINEAR
LINEAR LINEAR LINEAR LINEAR LINEAR LINEAR LINEAR LINEAR LINEAR LINEAR LINEAR LINEAR
LINEAR LINEAR LINEAR LINEAR LINEAR LINEAR</Name_array><technique_common><accessor source="#mixamorig_Spine2-Interpolations-array" count="29"><param type="name"/></accessor></technique_common></source><sampler id="mixamorig_Spine2-Matrix-animation-transform"><input semantic="INPUT" source="#mixamorig_Spine2-Matrix-animation-input"/><input semantic="OUTPUT" source="#mixamorig_Spine2-Matrix-animation-output-transform"/><input semantic="INTERPOLATION" source="#mixamorig_Spine2-Interpolations"/></sampler><channel source="#mixamorig_Spine2-Matrix-animation-transform" target="mixamorig_Spine2/matrix"/></animation>
    <animation id="mixamorig_Neck-anim" name="mixamorig_Neck"><source id="mixamorig_Neck-Matrix-animation-input"><float_array id="mixamorig_Neck-Matrix-animation-input-array" count="29">

0.000000 0.033333 0.066667 0.100000 0.133333 0.166667 0.200000 0.233333 0.266667 0.300000 0.333333 0.366667 0.400000 0.433333 0.466667 0.500000
0.533333 0.566667 0.600000 0.633333 0.666667 0.700000 0.733333 0.766667 0.800000 0.833333 0.866667 0.900000 0.933333</float_array><technique_common><accessor source="#mixamorig_Neck-Matrix-animation-input-array" count="29"><param name="TIME" type="float"/></accessor></technique_common></source><source id="mixamorig_Neck-Matrix-animation-output-transform"><float_array id="mixamorig_Neck-Matrix-animation-output-transform-array" count="464">

0.999968 -0.007936 -0.001378 0.000000 0.007762 0.995152 -0.098040 15.032500 0.002150 0.098026 0.995182 0.792900 0.000000 0.000000 0.000000 1.000000
0.999941 -0.001752 0.010689 0.000000 0.002773 0.995353 -0.096248 15.032500 -0.010470 0.096272 0.995300 0.792900 0.000000 0.000000 0.000000 1.000000
0.999471 0.007755 0.031596 -0.000000 -0.004585 0.995057 -0.099204 15.032500 -0.032210 0.099007 0.994565 0.792900 0.000000 0.000000 0.000000 1.000000
0.998048 0.019181 0.059433 0.000000 -0.012739 0.994185 -0.106931 15.032500 -0.061138 0.105965 0.992489 0.792900 0.000000 0.000000 0.000000 1.000000
0.995491 0.030183 0.089923 0.000000 -0.019480 0.992869 -0.117607 15.032500 -0.092831 0.115325 0.988981 0.792900 0.000000 0.000000 0.000000 1.000000
0.992328 0.038550 0.117466 0.000000 -0.023337 0.991469 -0.128238 15.032500 -0.121408 0.124513 0.984762 0.792900 0.000000 0.000000 0.000000 1.000000
0.989503 0.043529 0.137798 -0.000000 -0.024568 0.990346 -0.136420 15.032500 -0.142406 0.131603 0.981020 0.792900 0.000000 0.000000 0.000000 1.000000
0.987637 0.045871 0.149898 0.000000 -0.024540 0.989681 -0.141173 15.032500 -0.154827 0.135749 0.978571 0.792900 0.000000 0.000000 0.000000 1.000000
0.986706 0.046874 0.155610 0.000000 -0.024453 0.989422 -0.142990 15.032500 -0.160666 0.137284 0.977415 0.792900 0.000000 0.000000 0.000000 1.000000
0.986443 0.047392 0.157110 -0.000000 -0.024701 0.989363 -0.143355 15.032500 -0.162233 0.137531 0.977121 0.792900 0.000000 0.000000 0.000000 1.000000
0.986672 0.047704 0.155573 0.000000 -0.025159 0.989289 -0.143787 15.032500 -0.160766 0.137957 0.977304 0.792900 0.000000 0.000000 0.000000 1.000000
0.987254 0.047804 0.151804 0.000000 -0.025659 0.989155 -0.144614 15.032500 -0.157071 0.138876 0.977774 0.792900 0.000000 0.000000 0.000000 1.000000
0.988068 0.047159 0.146623 0.000000 -0.025747 0.989149 -0.144640 15.032500 -0.151853 0.139139 0.978561 0.792900 0.000000 0.000000 0.000000 1.000000
0.989087 0.044645 0.140406 0.000000 -0.024415 0.989475 -0.142628 15.032500 -0.145296 0.137644 0.979767 0.792900 0.000000 0.000000 0.000000 1.000000
0.990331 0.039911 0.132856 0.000000 -0.021246 0.990058 -0.139049 15.032500 -0.137085 0.134882 0.981333 0.792900 0.000000 0.000000 0.000000 1.000000
0.991750 0.034477 0.123463 0.000000 -0.017560 0.990612 -0.135573 15.032500 -0.126978 0.132286 0.983045 0.792900 0.000000 0.000000 0.000000 1.000000
0.993239 0.030036 0.112131 0.000000 -0.014970 0.991022 -0.132856 15.032500 -0.115115 0.130279 0.984772 0.792900 0.000000 0.000000 0.000000 1.000000
0.994713 0.026224 0.099287 0.000000 -0.013183 0.991454 -0.129790 15.032500 -0.101842 0.127795 0.986558 0.792900 0.000000 0.000000 0.000000 1.000000
0.996113 0.021439 0.085434 -0.000000 -0.010618 0.992080 -0.125156 15.032500 -0.087441 0.123762 0.988452 0.792900 0.000000 0.000000 0.000000 1.000000
0.997371 0.015052 0.070878 0.000000 -0.006524 0.992868 -0.119039 15.032500 -0.072164 0.118263 0.990357 0.792900 0.000000 0.000000 0.000000 1.000000
0.998406 0.007778 0.055906 0.000000 -0.001447 0.993660 -0.112420 15.032500 -0.056426 0.112160 0.992087 0.792900 0.000000 0.000000 0.000000 1.000000
0.999156 0.000800 0.041078 0.000000 0.003575 0.994325 -0.106327 15.032500 -0.040930 0.106384 0.993482 0.792900 0.000000 0.000000 0.000000 1.000000
0.999613 -0.004665 0.027426 0.000000 0.007432 0.994792 -0.101654 15.032500 -0.026809 0.101819 0.994442 0.792900 0.000000 0.000000 0.000000 1.000000
0.999838 -0.007712 0.016261 0.000000 0.009285 0.995045 -0.098988 15.032500 -0.015417 0.099123 0.994956 0.792900 0.000000 0.000000 0.000000 1.000000
0.999929 -0.008513 0.008361 0.000000 0.009293 0.995133 -0.098100 15.032500 -0.007485 0.098170 0.995141 0.792900 0.000000 0.000000 0.000000 1.000000
0.999960 -0.008258 0.003478 0.000000 0.008559 0.995145 -0.098043 15.032500 -0.002651 0.098069 0.995176 0.792900 0.000000 0.000000 0.000000 1.000000
0.999968 -0.007986 0.000734 0.000000 0.008019 0.995150 -0.098044 15.032500 0.000052 0.098046 0.995182 0.792900 0.000000 0.000000 0.000000 1.000000
0.999968 -0.007943 -0.000724 0.000000 0.007833 0.995151 -0.098044 15.032500 0.001499 0.098035 0.995182 0.792900 0.000000 0.000000 0.000000 1.000000
0.999968 -0.007943 -0.001362 0.000000 0.007771 0.995152 -0.098043 15.032500 0.002134 0.098030 0.995181 0.792900 0.000000 0.000000 0.000000 1.000000</float_array><technique_common><accessor source="#mixamorig_Neck-Matrix-animation-output-transform-array" count="29" stride="16"><param type="float4x4"/></accessor></technique_common></source><source id="mixamorig_Neck-Interpolations"><Name_array id="mixamorig_Neck-Interpolations-array" count="29">
 LINEAR LINEAR LINEAR LINEAR LINEAR LINEAR LINEAR LINEAR LINEAR LINEAR LINEAR
LINEAR LINEAR LINEAR LINEAR LINEAR LINEAR LINEAR LINEAR LINEAR LINEAR LINEAR LINEAR
LINEAR LINEAR LINEAR LINEAR LINEAR LINEAR</Name_array><technique_common><accessor source="#mixamorig_Neck-Interpolations-array" count="29"><param type="name"/></accessor></technique_common></source><sampler id="mixamorig_Neck-Matrix-animation-transform"><input semantic="INPUT" source="#mixamorig_Neck-Matrix-animation-input"/><input semantic="OUTPUT" source="#mixamorig_Neck-Matrix-animation-output-transform"/><input semantic="INTERPOLATION" source="#mixamorig_Neck-Interpolations"/></sampler><channel source="#mixamorig_Neck-Matrix-animation-transform" target="mixamorig_Neck/matrix"/></animation>
    <animation id="mixamorig_Head-anim" name="mixamorig_Head"><source id="mixamorig_Head-Matrix-animation-input"><float_array id="mixamorig_Head-Matrix-animation-input-array" count="29">

0.000000 0.033333 0.066667 0.100000 0.133333 0.166667 0.200000 0.233333 0.266667 0.300000 0.333333 0.366667 0.400000 0.433333 0.466667 0.500000
0.533333 0.566667 0.600000 0.633333 0.666667 0.700000 0.733333 0.766667 0.800000 0.833333 0.866667 0.900000 0.933333</float_array><technique_common><accessor source="#mixamorig_Head-Matrix-animation-input-array" count="29"><param name="TIME" type="float"/></accessor></technique_common></source><source id="mixamorig_Head-Matrix-animation-output-transform"><float_array id="mixamorig_Head-Matrix-animation-output-transform-array" count="464">

0.999711 0.001406 0.024009 0.000000 -0.004554 0.991295 0.131584 10.321800 -0.023615 -0.131656 0.991014 3.142400 0.000000 0.000000 0.000000 1.000000
0.997986 0.011224 0.062438 0.000000 -0.019709 0.990375 0.137000 10.321800 -0.060300 -0.137955 0.988601 3.142400 0.000000 0.000000 0.000000 1.000000
0.992694 0.025291 0.117982 -0.000000 -0.041145 0.990134 0.133946 10.321800 -0.113430 -0.137821 0.983940 3.142400 0.000000 0.000000 0.000000 1.000000
0.981562 0.041968 0.186478 0.000000 -0.065120 0.990658 0.119819 10.321800 -0.179707 -0.129753 0.975125 3.142400 0.000000 0.000000 0.000000 1.000000
0.963976 0.058955 0.259373 0.000000 -0.086009 0.991829 0.094218 10.321800 -0.251699 -0.113133 0.961171 3.142400 0.000000 0.000000 0.000000 1.000000
0.942349 0.074728 0.326180 0.000000 -0.100215 0.993031 0.062023 10.321800 -0.319272 -0.091135 0.943271 3.142400 0.000000 0.000000 0.000000 1.000000
0.920984 0.088925 0.379316 0.000000 -0.108914 0.993551 0.031520 10.321800 -0.374067 -0.070342 0.924730 3.142400 0.000000 0.000000 0.000000 1.000000
0.903345 0.101817 0.416655 0.000000 -0.115963 0.993215 0.008707 10.321800 -0.412941 -0.056182 0.909023 3.142400 0.000000 0.000000 0.000000 1.000000
0.890664 0.113748 0.440203 0.000000 -0.123882 0.992280 -0.005755 10.321800 -0.437459 -0.049408 0.897880 3.142400 0.000000 0.000000 0.000000 1.000000
0.883032 0.124371 0.452533 0.000000 -0.132333 0.991104 -0.014164 10.321800 -0.450269 -0.047378 0.891635 3.142400 0.000000 0.000000 0.000000 1.000000
0.879937 0.132828 0.456145 -0.000000 -0.139635 0.990022 -0.018924 10.321800 -0.454107 -0.047042 0.889704 3.142400 0.000000 0.000000 0.000000 1.000000
0.879848 0.138580 0.454602 -0.000000 -0.144555 0.989257 -0.021788 10.321800 -0.452738 -0.046545 0.890428 3.142400 0.000000 0.000000 0.000000 1.000000
0.880883 0.141815 0.451590 0.000000 -0.147071 0.988843 -0.023651 10.321800 -0.449905 -0.045582 0.891912 3.142400 0.000000 0.000000 0.000000 1.000000
0.881953 0.143726 0.448889 0.000000 -0.148739 0.988578 -0.024292 10.321800 -0.447253 -0.045343 0.893257 3.142400 0.000000 0.000000 0.000000 1.000000
0.883320 0.146254 0.445372 0.000000 -0.152179 0.988093 -0.022654 10.321800 -0.443382 -0.047766 0.895059 3.142400 0.000000 0.000000 0.000000 1.000000
0.886645 0.150148 0.437397 0.000000 -0.158387 0.987216 -0.017822 10.321800 -0.434481 -0.053476 0.899092 3.142400 0.000000 0.000000 0.000000 1.000000
0.894120 0.152717 0.420984 -0.000000 -0.163931 0.986424 -0.009666 10.321800 -0.416745 -0.060370 0.907017 3.142400 0.000000 0.000000 0.000000 1.000000
0.906816 0.148902 0.394350 0.000000 -0.162851 0.986649 0.001932 10.321800 -0.388798 -0.065972 0.918958 3.142400 0.000000 0.000000 0.000000 1.000000
0.923663 0.135907 0.358296 0.000000 -0.152236 0.988187 0.017619 10.321800 -0.351669 -0.070819 0.933442 3.142400 0.000000 0.000000 0.000000 1.000000
0.941940 0.115777 0.315190 0.000000 -0.134143 0.990266 0.037136 10.321800 -0.307822 -0.077260 0.948302 3.142400 0.000000 0.000000 0.000000 1.000000
0.959011 0.092686 0.267782 -0.000000 -0.112188 0.991967 0.058433 10.321800 -0.260215 -0.086080 0.961706 3.142400 0.000000 0.000000 0.000000 1.000000
0.973388 0.069691 0.218311 0.000000 -0.088795 0.992917 0.078942 10.321800 -0.211264 -0.096226 0.972681 3.142400 0.000000 0.000000 0.000000 1.000000
0.984409 0.048838 0.168979 0.000000 -0.065863 0.993136 0.096654 10.321800 -0.163099 -0.106277 0.980869 3.142400 0.000000 0.000000 0.000000 1.000000
0.991875 0.032041 0.123119 0.000000 -0.045759 0.992849 0.110260 10.321800 -0.118706 -0.114998 0.986248 3.142400 0.000000 0.000000 0.000000 1.000000
0.996189 0.020190 0.084849 0.000000 -0.030284 0.992383 0.119409 10.321800 -0.081792 -0.121524 0.989213 3.142400 0.000000 0.000000 0.000000 1.000000
0.998305 0.012382 0.056874 0.000000 -0.019423 0.991970 0.124970 10.321800 -0.054870 -0.125863 0.990529 3.142400 0.000000 0.000000 0.000000 1.000000
0.999216 0.007053 0.038956 0.000000 -0.012005 0.991651 0.128387 10.321800 -0.037725 -0.128754 0.990959 3.142400 0.000000 0.000000 0.000000 1.000000
0.999582 0.003371 0.028719 -0.000000 -0.007092 0.991427 0.130467 10.321800 -0.028034 -0.130616 0.991037 3.142400 0.000000 0.000000 0.000000 1.000000
0.999711 0.001385 0.024020 0.000000 -0.004534 0.991299 0.131548 10.321800 -0.023629 -0.131618 0.991019 3.142400 0.000000 0.000000 0.000000 1.000000</float_array><technique_common><accessor source="#mixamorig_Head-Matrix-animation-output-transform-array" count="29" stride="16"><param type="float4x4"/></accessor></technique_common></source><source id="mixamorig_Head-Interpolations"><Name_array id="mixamorig_Head-Interpolations-array" count="29">
 LINEAR LINEAR LINEAR LINEAR LINEAR LINEAR LINEAR LINEAR LINEAR LINEAR LINEAR
LINEAR LINEAR LINEAR LINEAR LINEAR LINEAR LINEAR LINEAR LINEAR LINEAR LINEAR LINEAR
LINEAR LINEAR LINEAR LINEAR LINEAR LINEAR</Name_array><technique_common><accessor source="#mixamorig_Head-Interpolations-array" count="29"><param type="name"/></accessor></technique_common></source><sampler id="mixamorig_Head-Matrix-animation-transform"><input semantic="INPUT" source="#mixamorig_Head-Matrix-animation-input"/><input semantic="OUTPUT" source="#mixamorig_Head-Matrix-animation-output-transform"/><input semantic="INTERPOLATION" source="#mixamorig_Head-Interpolations"/></sampler><channel source="#mixamorig_Head-Matrix-animation-transform" target="mixamorig_Head/matrix"/></animation>
    <animation id="mixamorig_LeftShoulder-anim" name="mixamorig_LeftShoulder"><source id="mixamorig_LeftShoulder-Matrix-animation-input"><float_array id="mixamorig_LeftShoulder-Matrix-animation-input-array" count="29">

0.000000 0.033333 0.066667 0.100000 0.133333 0.166667 0.200000 0.233333 0.266667 0.300000 0.333333 0.366667 0.400000 0.433333 0.466667 0.500000
0.533333 0.566667 0.600000 0.633333 0.666667 0.700000 0.733333 0.766667 0.800000 0.833333 0.866667 0.900000 0.933333</float_array><technique_common><accessor source="#mixamorig_LeftShoulder-Matrix-animation-input-array" count="29"><param name="TIME" type="float"/></accessor></technique_common></source><source id="mixamorig_LeftShoulder-Matrix-animation-output-transform"><float_array id="mixamorig_LeftShoulder-Matrix-animation-output-transform-array" count="464">

0.932053 0.203551 -0.299741 6.105800 -0.218689 0.975638 -0.017473 9.110400 0.288882 0.081836 0.953860 0.705600 0.000000 0.000000 0.000000 1.000000
0.930555 0.207463 -0.301706 6.105800 -0.222675 0.974753 -0.016528 9.110400 0.290660 0.082563 0.953258 0.705600 0.000000 0.000000 0.000000 1.000000
0.928241 0.213881 -0.304342 6.105800 -0.229183 0.973267 -0.015028 9.110400 0.292992 0.083699 0.952444 0.705600 0.000000 0.000000 0.000000 1.000000
0.925739 0.221654 -0.306392 6.105800 -0.236981 0.971424 -0.013261 9.110400 0.294698 0.084886 0.951813 0.705600 0.000000 0.000000 0.000000 1.000000
0.923733 0.229283 -0.306834 6.105800 -0.244525 0.969573 -0.011633 9.110400 0.294831 0.085774 0.951692 0.705600 0.000000 0.000000 0.000000 1.000000
0.922322 0.236326 -0.305731 6.105800 -0.251402 0.967828 -0.010303 9.110400 0.293461 0.086364 0.952062 0.705600 0.000000 0.000000 0.000000 1.000000
0.921056 0.243647 -0.303797 6.105800 -0.258519 0.965963 -0.009074 9.110400 0.291246 0.086895 0.952694 0.705600 0.000000 0.000000 0.000000 1.000000
0.919515 0.251816 -0.301795 6.105800 -0.266470 0.963813 -0.007687 9.110400 0.288938 0.087487 0.953342 0.705600 0.000000 0.000000 0.000000 1.000000
0.917568 0.260276 -0.300543 6.105800 -0.274731 0.961502 -0.006084 9.110400 0.287389 0.088151 0.953749 0.705600 0.000000 0.000000 0.000000 1.000000
0.915477 0.268522 -0.299661 6.105800 -0.282874 0.959145 -0.004715 9.110400 0.286153 0.089083 0.954034 0.705600 0.000000 0.000000 0.000000 1.000000
0.914110 0.277356 -0.295763 6.105800 -0.291775 0.956475 -0.004836 9.110400 0.281548 0.090717 0.955249 0.705600 0.000000 0.000000 0.000000 1.000000
