<?xml version="1.0" encoding="utf-8"?>
<COLLADA xmlns="http://www.collada.org/2005/11/COLLADASchema" version="1.4.1">
  <asset><contributor><author>Mixamo</author><authoring_tool>COLLADA Mixamo exporter</authoring_tool><comments></comments></contributor><created>2018-10-15T19:51:36Z</created><modified>2018-10-15T19:51:36Z</modified><revision></revision><title></title><unit meter="0.010000"/><up_axis>Y_UP</up_axis></asset>
  <library_animations>
    <animation id="mixamorig_Hips-anim" name="mixamorig_Hips"><source id="mixamorig_Hips-Matrix-animation-input"><float_array id="mixamorig_Hips-Matrix-animation-input-array" count="22">

0.000000 0.033333 0.066667 0.100000 0.133333 0.166667 0.200000 0.233333 0.266667 0.300000 0.333333 0.366667 0.400000 0.433333 0.466667 0.500000
0.533333 0.566667 0.600000 0.633333 0.666667 0.700000</float_array><technique_common><accessor source="#mixamorig_Hips-Matrix-animation-input-array" count="22"><param name="TIME" type="float"/></accessor></technique_common></source><source id="mixamorig_Hips-Matrix-animation-output-transform"><float_array id="mixamorig_Hips-Matrix-animation-output-transform-array" count="352">

0.985719 0.150449 -0.075656 0.561094 -0.160988 0.973704 -0.161192 90.399689 0.049416 0.171070 0.984019 0.515583 0.000000 0.000000 0.000000 1.000000
0.987907 0.109626 -0.109641 0.529133 -0.130228 0.970464 -0.203075 92.207367 0.084141 0.214897 0.973005 12.817765 0.000000 0.000000 0.000000 1.000000
0.989541 0.050777 -0.135020 0.637421 -0.081857 0.968361 -0.235746 94.147758 0.118778 0.244333 0.962389 25.082155 0.000000 0.000000 0.000000 1.000000
0.992144 -0.005221 -0.124996 0.863568 -0.029108 0.962076 -0.271223 95.623581 0.121671 0.272730 0.954366 37.390182 0.000000 0.000000 0.000000 1.000000
0.996308 -0.028941 -0.080821 0.993352 0.003619 0.954782 -0.297286 96.740662 0.085770 0.295896 0.951362 49.682137 0.000000 0.000000 0.000000 1.000000
0.999477 -0.012591 -0.029780 0.844344 0.003405 0.956925 -0.290315 97.267136 0.032153 0.290062 0.956468 61.676144 0.000000 0.000000 0.000000 1.000000
0.999709 0.019984 0.013522 0.609509 -0.016035 0.968996 -0.246554 96.327652 -0.018030 0.246265 0.969035 73.361649 0.000000 0.000000 0.000000 1.000000
0.997689 0.030836 0.060543 0.637667 -0.018552 0.980855 -0.193856 94.055565 -0.065362 0.192285 0.979160 85.018524 0.000000 0.000000 0.000000 1.000000
0.992809 0.005754 0.119568 1.053165 0.013904 0.986540 -0.162928 91.665077 -0.118897 0.163419 0.979366 96.849571 0.000000 0.000000 0.000000 1.000000
0.984727 -0.032838 0.170982 1.662503 0.060533 0.985361 -0.159375 89.603569 -0.163246 0.167291 0.972299 108.873138 0.000000 0.000000 0.000000 1.000000
0.981376 -0.050104 0.185449 2.234795 0.082945 0.981280 -0.173812 89.064957 -0.173268 0.185957 0.967160 120.988297 0.000000 0.000000 0.000000 1.000000
0.986594 -0.029969 0.160418 2.609265 0.060649 0.979923 -0.189930 89.962463 -0.151505 0.197113 0.968603 133.091248 0.000000 0.000000 0.000000 1.000000
0.993053 0.020953 0.115785 2.673447 0.002360 0.980273 -0.197634 92.775101 -0.117642 0.196534 0.973414 145.180527 0.000000 0.000000 0.000000 1.000000
0.995037 0.076479 0.063663 2.475485 -0.061830 0.976461 -0.206642 95.866257 -0.077968 0.201680 0.976343 157.383606 0.000000 0.000000 0.000000 1.000000
0.993822 0.110797 0.006433 2.206688 -0.106660 0.969516 -0.220594 97.663307 -0.030678 0.218545 0.975345 169.632034 0.000000 0.000000 0.000000 1.000000
0.992700 0.113124 -0.041835 2.077309 -0.119588 0.968268 -0.219445 97.481110 0.015683 0.222846 0.974727 181.725845 0.000000 0.000000 0.000000 1.000000
0.993283 0.096857 -0.063311 2.020094 -0.107104 0.976654 -0.186217 95.881294 0.043797 0.191747 0.980467 193.551666 0.000000 0.000000 0.000000 1.000000
0.993875 0.089508 -0.064812 1.710527 -0.097675 0.985834 -0.136348 93.817070 0.051690 0.141843 0.988539 205.301636 0.000000 0.000000 0.000000 1.000000
0.991354 0.110895 -0.070146 1.040671 -0.117912 0.987415 -0.105397 91.696655 0.057575 0.112756 0.991953 217.131241 0.000000 0.000000 0.000000 1.000000
0.985952 0.143778 -0.085012 0.384035 -0.152464 0.982555 -0.106491 90.026268 0.068218 0.117957 0.990673 229.210068 0.000000 0.000000 0.000000 1.000000
0.982957 0.159970 -0.090582 0.165689 -0.170803 0.976931 -0.128192 89.523834 0.067986 0.141479 0.987604 241.390137 0.000000 0.000000 0.000000 1.000000
0.985719 0.150449 -0.075656 0.561096 -0.160988 0.973704 -0.161192 90.399704 0.049416 0.171070 0.984019 253.567596 0.000000 0.000000 0.000000 1.000000</float_array><technique_common><accessor source="#mixamorig_Hips-Matrix-animation-output-transform-array" count="22" stride="16"><param type="float4x4"/></accessor></technique_common></source><source id="mixamorig_Hips-Interpolations"><Name_array id="mixamorig_Hips-Interpolations-array" count="22">
 LINEAR LINEAR LINEAR LINEAR LINEAR LINEAR LINEAR LINEAR LINEAR LINEAR LINEAR
LINEAR LINEAR LINEAR LINEAR LINEAR LINEAR LINEAR LINEAR LINEAR LINEAR LINEAR</Name_array><technique_common><accessor source="#mixamorig_Hips-Interpolations-array" count="22"><param type="name"/></accessor></technique_common></source><sampler id="mixamorig_Hips-Matrix-animation-transform"><input semantic="INPUT" source="#mixamorig_Hips-Matrix-animation-input"/><input semantic="OUTPUT" source="#mixamorig_Hips-Matrix-animation-output-transform"/><input semantic="INTERPOLATION" source="#mixamorig_Hips-Interpolations"/></sampler><channel source="#mixamorig_Hips-Matrix-animation-transform" target="mixamorig_Hips/matrix"/></animation>
    <animation id="mixamorig_Spine-anim" name="mixamorig_Spine"><source id="mixamorig_Spine-Matrix-animation-input"><float_array id="mixamorig_Spine-Matrix-animation-input-array" count="22">

0.000000 0.033333 0.066667 0.100000 0.133333 0.166667 0.200000 0.233333 0.266667 0.300000 0.333333 0.366667 0.400000 0.433333 0.466667 0.500000
0.533333 0.566667 0.600000 0.633333 0.666667 0.700000</float_array><technique_common><accessor source="#mixamorig_Spine-Matrix-animation-input-array" count="22"><param name="TIME" type="float"/></accessor></technique_common></source><source id="mixamorig_Spine-Matrix-animation-output-transform"><float_array id="mixamorig_Spine-Matrix-animation-output-transform-array" count="352">

0.993404 -0.096997 0.061158 0.000000 0.099408 0.994333 -0.037693 9.923500 -0.057155 0.043524 0.997416 -1.227300 0.000000 0.000000 0.000000 1.000000
0.994570 -0.072265 0.074884 0.000000 0.073517 0.997194 -0.014108 9.923500 -0.073654 0.019537 0.997092 -1.227300 0.000000 0.000000 0.000000 1.000000
0.994488 -0.037903 0.097764 0.000000 0.038151 0.999272 -0.000665 9.923500 -0.097668 0.004391 0.995209 -1.227300 0.000000 0.000000 0.000000 1.000000
0.992803 -0.008145 0.119484 0.000000 0.007290 0.999945 0.007588 9.923500 -0.119539 -0.006663 0.992807 -1.227300 0.000000 0.000000 0.000000 1.000000
0.991250 0.001592 0.131988 0.000000 -0.003191 0.999924 0.011901 9.923500 -0.131959 -0.012218 0.991180 -1.227300 0.000000 0.000000 0.000000 1.000000
0.991296 -0.007532 0.131436 0.000000 0.006891 0.999962 0.005329 9.923500 -0.131471 -0.004377 0.991310 -1.227300 0.000000 0.000000 0.000000 1.000000
0.992904 -0.023673 0.116540 0.000000 0.025569 0.999564 -0.014796 9.923500 -0.116138 0.017671 0.993076 -1.227300 0.000000 0.000000 0.000000 1.000000
0.995410 -0.032092 0.090161 0.000000 0.035601 0.998659 -0.037578 9.923500 -0.088835 0.040615 0.995218 -1.227300 0.000000 0.000000 0.000000 1.000000
0.997569 -0.028269 0.063700 -0.000000 0.031293 0.998405 -0.046985 9.923500 -0.062271 0.048864 0.996862 -1.227300 0.000000 0.000000 0.000000 1.000000
0.998483 -0.018656 0.051804 0.000000 0.020654 0.999052 -0.038312 9.923500 -0.051040 0.039324 0.997922 -1.227300 0.000000 0.000000 0.000000 1.000000
0.998330 -0.016622 0.055324 0.000000 0.017662 0.999675 -0.018361 9.923500 -0.055000 0.019308 0.998300 -1.227300 0.000000 0.000000 0.000000 1.000000
0.997722 -0.034205 0.058149 -0.000000 0.034374 0.999407 -0.001920 9.923500 -0.058049 0.003914 0.998306 -1.227300 0.000000 0.000000 0.000000 1.000000
0.996360 -0.069091 0.049935 0.000000 0.069172 0.997605 0.000103 9.923500 -0.049822 0.003352 0.998752 -1.227300 0.000000 0.000000 0.000000 1.000000
0.994273 -0.100116 0.037378 -0.000000 0.100459 0.994914 -0.007409 9.923500 -0.036447 0.011122 0.999274 -1.227300 0.000000 0.000000 0.000000 1.000000
0.993095 -0.113512 0.029624 -0.000000 0.114013 0.993354 -0.015795 9.923500 -0.027634 0.019064 0.999436 -1.227300 0.000000 0.000000 0.000000 1.000000
0.993376 -0.111387 0.028227 0.000000 0.112178 0.993288 -0.028199 9.923500 -0.024897 0.031179 0.999204 -1.227300 0.000000 0.000000 0.000000 1.000000
0.994138 -0.103007 0.032853 0.000000 0.104593 0.993211 -0.050907 9.923500 -0.027386 0.054044 0.998163 -1.227300 0.000000 0.000000 0.000000 1.000000
0.994538 -0.093854 0.045660 0.000000 0.097163 0.992314 -0.076631 9.923500 -0.038117 0.080649 0.996013 -1.227300 0.000000 0.000000 0.000000 1.000000
0.993959 -0.089098 0.064092 0.000000 0.094598 0.991563 -0.088621 9.923500 -0.055656 0.094149 0.994001 -1.227300 0.000000 0.000000 0.000000 1.000000
0.993139 -0.088671 0.076242 -0.000000 0.094833 0.992160 -0.081398 9.923500 -0.068427 0.088070 0.993761 -1.227300 0.000000 0.000000 0.000000 1.000000
0.992989 -0.092830 0.073187 0.000000 0.097437 0.993302 -0.062102 9.923500 -0.066932 0.068797 0.995383 -1.227300 0.000000 0.000000 0.000000 1.000000
0.993404 -0.096997 0.061158 0.000000 0.099408 0.994333 -0.037693 9.923500 -0.057155 0.043524 0.997416 -1.227300 0.000000 0.000000 0.000000 1.000000</float_array><technique_common><accessor source="#mixamorig_Spine-Matrix-animation-output-transform-array" count="22" stride="16"><param type="float4x4"/></accessor></technique_common></source><source id="mixamorig_Spine-Interpolations"><Name_array id="mixamorig_Spine-Interpolations-array" count="22">
 LINEAR LINEAR LINEAR LINEAR LINEAR LINEAR LINEAR LINEAR LINEAR LINEAR LINEAR
LINEAR LINEAR LINEAR LINEAR LINEAR LINEAR LINEAR LINEAR LINEAR LINEAR LINEAR</Name_array><technique_common><accessor source="#mixamorig_Spine-Interpolations-array" count="22"><param type="name"/></accessor></technique_common></source><sampler id="mixamorig_Spine-Matrix-animation-transform"><input semantic="INPUT" source="#mixamorig_Spine-Matrix-animation-input"/><input semantic="OUTPUT" source="#mixamorig_Spine-Matrix-animation-output-transform"/><input semantic="INTERPOLATION" source="#mixamorig_Spine-Interpolations"/></sampler><channel source="#mixamorig_Spine-Matrix-animation-transform" target="mixamorig_Spine/matrix"/></animation>
    <animation id="mixamorig_Spine1-anim" name="mixamorig_Spine1"><source id="mixamorig_Spine1-Matrix-animation-input"><float_array id="mixamorig_Spine1-Matrix-animation-input-array" count="22">

0.000000 0.033333 0.066667 0.100000 0.133333 0.166667 0.200000 0.233333 0.266667 0.300000 0.333333 0.366667 0.400000 0.433333 0.466667 0.500000
0.533333 0.566667 0.600000 0.633333 0.666667 0.700000</float_array><technique_common><accessor source="#mixamorig_Spine1-Matrix-animation-input-array" count="22"><param name="TIME" type="float"/></accessor></technique_common></source><source id="mixamorig_Spine1-Matrix-animation-output-transform"><float_array id="mixamorig_Spine1-Matrix-animation-output-transform-array" count="352">

0.999644 -0.024710 -0.010071 -0.000100 0.023015 0.989425 -0.143207 11.645400 0.013503 0.142924 0.989642 -1.422300 0.000000 0.000000 0.000000 1.000000
0.999589 0.010974 0.026487 -0.000100 -0.007919 0.993584 -0.112819 11.645400 -0.027555 0.112563 0.993262 -1.422300 0.000000 0.000000 0.000000 1.000000
0.995751 0.054043 0.074561 -0.000100 -0.047314 0.994886 -0.089242 11.645400 -0.079002 0.085335 0.993215 -1.422300 0.000000 0.000000 0.000000 1.000000
0.988886 0.093451 0.115639 -0.000100 -0.085842 0.993908 -0.069131 11.645400 -0.121395 0.058436 0.990883 -1.422300 0.000000 0.000000 0.000000 1.000000
0.983787 0.115519 0.137179 -0.000100 -0.108742 0.992495 -0.055934 11.645400 -0.142611 0.040110 0.988966 -1.422300 0.000000 0.000000 0.000000 1.000000
0.983887 0.112166 0.139230 -0.000100 -0.104846 0.992745 -0.058864 11.645400 -0.144822 0.043318 0.988509 -1.422300 0.000000 0.000000 0.000000 1.000000
0.987819 0.091541 0.125835 -0.000100 -0.081823 0.993403 -0.080352 11.645400 -0.132360 0.069077 0.988792 -1.422300 0.000000 0.000000 0.000000 1.000000
0.992353 0.076160 0.097139 -0.000100 -0.065495 0.991924 -0.108613 11.645400 -0.104626 0.101420 0.989327 -1.422300 0.000000 0.000000 0.000000 1.000000
0.995101 0.080007 0.058078 -0.000100 -0.072068 0.989172 -0.127850 11.645400 -0.067678 0.123038 0.990092 -1.422300 0.000000 0.000000 0.000000 1.000000
0.995296 0.093589 0.025042 -0.000100 -0.089481 0.987111 -0.132686 11.645400 -0.037137 0.129821 0.990842 -1.422300 0.000000 0.000000 0.000000 1.000000
0.995476 0.094747 0.007059 -0.000100 -0.093120 0.987723 -0.125428 11.645400 -0.018856 0.124203 0.992078 -1.422300 0.000000 0.000000 0.000000 1.000000
0.997512 0.070000 -0.008354 -0.000100 -0.070496 0.990822 -0.115330 11.645400 0.000205 0.115632 0.993292 -1.422300 0.000000 0.000000 0.000000 1.000000
0.999084 0.024785 -0.034876 -0.000100 -0.028599 0.993128 -0.113482 11.645400 0.031823 0.114376 0.992928 -1.422300 0.000000 0.000000 0.000000 1.000000
0.997538 -0.021651 -0.066698 -0.000100 0.013723 0.993025 -0.117102 11.645400 0.068768 0.115899 0.990878 -1.422300 0.000000 0.000000 0.000000 1.000000
0.994606 -0.051962 -0.089773 -0.000100 0.041146 0.992115 -0.118386 11.645400 0.095217 0.114054 0.988901 -1.422300 0.000000 0.000000 0.000000 1.000000
0.993301 -0.058243 -0.099808 -0.000100 0.045749 0.991328 -0.123187 11.645400 0.106117 0.117796 0.987352 -1.422300 0.000000 0.000000 0.000000 1.000000
0.994054 -0.044261 -0.099484 -0.000100 0.029900 0.989491 -0.141469 11.645400 0.104700 0.137653 0.984931 -1.422300 0.000000 0.000000 0.000000 1.000000
0.995859 -0.027937 -0.086511 -0.000100 0.013129 0.985832 -0.167219 11.645400 0.089957 0.165391 0.982117 -1.422300 0.000000 0.000000 0.000000 1.000000
0.997960 -0.025384 -0.058586 -0.000100 0.014268 0.983031 -0.182883 11.645400 0.062235 0.181674 0.981387 -1.422300 0.000000 0.000000 0.000000 1.000000
0.999065 -0.032167 -0.028886 -0.000100 0.026407 0.983055 -0.181401 11.645400 0.034232 0.180468 0.982985 -1.422300 0.000000 0.000000 0.000000 1.000000
0.999333 -0.033960 -0.013435 -0.000100 0.031227 0.985320 -0.167839 11.645400 0.018938 0.167307 0.985723 -1.422300 0.000000 0.000000 0.000000 1.000000
0.999644 -0.024710 -0.010071 -0.000100 0.023015 0.989425 -0.143207 11.645400 0.013503 0.142924 0.989642 -1.422300 0.000000 0.000000 0.000000 1.000000</float_array><technique_common><accessor source="#mixamorig_Spine1-Matrix-animation-output-transform-array" count="22" stride="16"><param type="float4x4"/></accessor></technique_common></source><source id="mixamorig_Spine1-Interpolations"><Name_array id="mixamorig_Spine1-Interpolations-array" count="22">
 LINEAR LINEAR LINEAR LINEAR LINEAR LINEAR LINEAR LINEAR LINEAR LINEAR LINEAR
LINEAR LINEAR LINEAR LINEAR LINEAR LINEAR LINEAR LINEAR LINEAR LINEAR LINEAR</Name_array><technique_common><accessor source="#mixamorig_Spine1-Interpolations-array" count="22"><param type="name"/></accessor></technique_common></source><sampler id="mixamorig_Spine1-Matrix-animation-transform"><input semantic="INPUT" source="#mixamorig_Spine1-Matrix-animation-input"/><input semantic="OUTPUT" source="#mixamorig_Spine1-Matrix-animation-output-transform"/><input semantic="INTERPOLATION" source="#mixamorig_Spine1-Interpolations"/></sampler><channel source="#mixamorig_Spine1-Matrix-animation-transform" target="mixamorig_Spine1/matrix"/></animation>
    <animation id="mixamorig_Spine2-anim" name="mixamorig_Spine2"><source id="mixamorig_Spine2-Matrix-animation-input"><float_array id="mixamorig_Spine2-Matrix-animation-input-array" count="22">

0.000000 0.033333 0.066667 0.100000 0.133333 0.166667 0.200000 0.233333 0.266667 0.300000 0.333333 0.366667 0.400000 0.433333 0.466667 0.500000
0.533333 0.566667 0.600000 0.633333 0.666667 0.700000</float_array><technique_common><accessor source="#mixamorig_Spine2-Matrix-animation-input-array" count="22"><param name="TIME" type="float"/></accessor></technique_common></source><source id="mixamorig_Spine2-Matrix-animation-output-transform"><float_array id="mixamorig_Spine2-Matrix-animation-output-transform-array" count="352">

0.994735 -0.101675 -0.012828 0.000100 0.100097 0.990797 -0.091114 13.360200 0.021973 0.089350 0.995758 -1.626500 0.000000 0.000000 0.000000 1.000000
0.997275 -0.069491 0.024788 0.000100 0.070844 0.995758 -0.058705 13.360200 -0.020604 0.060301 0.997968 -1.626500 0.000000 0.000000 0.000000 1.000000
0.996797 -0.029888 0.074183 0.000100 0.032445 0.998912 -0.033501 13.360200 -0.073101 0.035800 0.996682 -1.626500 0.000000 0.000000 0.000000 1.000000
0.993142 0.007361 0.116684 0.000100 -0.005945 0.999904 -0.012484 13.360200 -0.116765 0.011704 0.993091 -1.626500 0.000000 0.000000 0.000000 1.000000
0.989823 0.028641 0.139392 0.000100 -0.029052 0.999577 0.000911 13.360200 -0.139307 -0.004951 0.990237 -1.626500 0.000000 0.000000 0.000000 1.000000
0.989568 0.024900 0.141898 0.000100 -0.024901 0.999688 -0.001773 13.360200 -0.141898 -0.001779 0.989880 -1.626500 0.000000 0.000000 0.000000 1.000000
0.991696 0.003967 0.128540 0.000100 -0.001040 0.999739 -0.022830 13.360200 -0.128597 0.022507 0.991442 -1.626500 0.000000 0.000000 0.000000 1.000000
0.994898 -0.010423 0.100348 0.000100 0.015659 0.998548 -0.051535 13.360200 -0.099666 0.052843 0.993617 -1.626500 0.000000 0.000000 0.000000 1.000000
0.998044 -0.003646 0.062410 0.000100 0.008145 0.997373 -0.071981 13.360200 -0.061983 0.072348 0.995452 -1.626500 0.000000 0.000000 0.000000 1.000000
0.999466 0.012887 0.030043 0.000100 -0.010517 0.996915 -0.077777 13.360200 -0.030953 0.077419 0.996518 -1.626500 0.000000 0.000000 0.000000 1.000000
0.999816 0.015689 0.011071 0.000100 -0.014864 0.997363 -0.071032 13.360200 -0.012156 0.070855 0.997413 -1.626500 0.000000 0.000000 0.000000 1.000000
0.999950 -0.007798 -0.006306 0.000100 0.007394 0.998069 -0.061681 13.360200 0.006775 0.061631 0.998076 -1.626500 0.000000 0.000000 0.000000 1.000000
0.998090 -0.051048 -0.034781 0.000100 0.048838 0.996900 -0.061688 13.360200 0.037822 0.059872 0.997489 -1.626500 0.000000 0.000000 0.000000 1.000000
0.993106 -0.094888 -0.068825 0.000100 0.090232 0.993605 -0.067878 13.360200 0.074825 0.061200 0.995317 -1.626500 0.000000 0.000000 0.000000 1.000000
0.987943 -0.123063 -0.093932 0.000100 0.116629 0.990622 -0.071178 13.360200 0.101811 0.059365 0.993031 -1.626500 0.000000 0.000000 0.000000 1.000000
0.986237 -0.127973 -0.104684 0.000100 0.120296 0.989774 -0.076653 13.360200 0.113423 0.063006 0.991547 -1.626500 0.000000 0.000000 0.000000 1.000000
0.988199 -0.112883 -0.103536 0.000100 0.103243 0.990188 -0.094178 13.360200 0.113151 0.082377 0.990157 -1.626500 0.000000 0.000000 0.000000 1.000000
0.991336 -0.096437 -0.089181 0.000100 0.085562 0.989245 -0.118631 13.360200 0.099663 0.109973 0.988925 -1.626500 0.000000 0.000000 0.000000 1.000000
0.993507 -0.096161 -0.060801 0.000100 0.087411 0.987244 -0.133076 13.360200 0.072823 0.126898 0.989239 -1.626500 0.000000 0.000000 0.000000 1.000000
0.993832 -0.106269 -0.031688 0.000100 0.101299 0.986262 -0.130486 13.360200 0.045119 0.126471 0.990944 -1.626500 0.000000 0.000000 0.000000 1.000000
0.993786 -0.110073 -0.016532 0.000100 0.107433 0.987400 -0.116184 13.360200 0.029112 0.113686 0.993090 -1.626500 0.000000 0.000000 0.000000 1.000000
0.994735 -0.101675 -0.012828 0.000100 0.100097 0.990797 -0.091114 13.360200 0.021973 0.089350 0.995758 -1.626500 0.000000 0.000000 0.000000 1.000000</float_array><technique_common><accessor source="#mixamorig_Spine2-Matrix-animation-output-transform-array" count="22" stride="16"><param type="float4x4"/></accessor></technique_common></source><source id="mixamorig_Spine2-Interpolations"><Name_array id="mixamorig_Spine2-Interpolations-array" count="22">
 LINEAR LINEAR LINEAR LINEAR LINEAR LINEAR LINEAR LINEAR LINEAR LINEAR LINEAR
LINEAR LINEAR LINEAR LINEAR LINEAR LINEAR LINEAR LINEAR LINEAR LINEAR LINEAR</Name_array><technique_common><accessor source="#mixamorig_Spine2-Interpolations-array" count="22"><param type="name"/></accessor></technique_common></source><sampler id="mixamorig_Spine2-Matrix-animation-transform"><input semantic="INPUT" source="#mixamorig_Spine2-Matrix-animation-input"/><input semantic="OUTPUT" source="#mixamorig_Spine2-Matrix-animation-output-transform"/><input semantic="INTERPOLATION" source="#mixamorig_Spine2-Interpolations"/></sampler><channel source="#mixamorig_Spine2-Matrix-animation-transform" target="mixamorig_Spine2/matrix"/></animation>
    <animation id="mixamorig_Neck-anim" name="mixamorig_Neck"><source id="mixamorig_Neck-Matrix-animation-input"><float_array id="mixamorig_Neck-Matrix-animation-input-array" count="22">

0.000000 0.033333 0.066667 0.100000 0.133333 0.166667 0.200000 0.233333 0.266667 0.300000 0.333333 0.366667 0.400000 0.433333 0.466667 0.500000
0.533333 0.566667 0.600000 0.633333 0.666667 0.700000</float_array><technique_common><accessor source="#mixamorig_Neck-Matrix-animation-input-array" count="22"><param name="TIME" type="float"/></accessor></technique_common></source><source id="mixamorig_Neck-Matrix-animation-output-transform"><float_array id="mixamorig_Neck-Matrix-animation-output-transform-array" count="352">

0.997365 0.068509 0.023869 0.000000 -0.071694 0.981079 0.179845 15.032500 -0.011097 -0.181082 0.983405 0.792900 0.000000 0.000000 0.000000 1.000000
0.998514 0.054305 0.004513 0.000000 -0.054492 0.994737 0.086770 15.032500 0.000223 -0.086887 0.996218 0.792900 0.000000 0.000000 0.000000 1.000000
0.999221 0.035713 -0.016802 0.000000 -0.035140 0.998829 0.033260 15.032500 0.017970 -0.032643 0.999305 0.792900 0.000000 0.000000 0.000000 1.000000
0.999094 0.019588 -0.037789 0.000000 -0.018761 0.999579 0.022125 15.032500 0.038206 -0.021396 0.999041 0.792900 0.000000 0.000000 0.000000 1.000000
0.998498 0.018324 -0.051639 -0.000000 -0.017880 0.999799 0.009052 15.032500 0.051794 -0.008115 0.998625 0.792900 0.000000 0.000000 0.000000 1.000000
0.998090 0.027048 -0.055536 0.000000 -0.026406 0.999576 0.012256 15.032500 0.055844 -0.010766 0.998381 0.792900 0.000000 0.000000 0.000000 1.000000
0.998170 0.036479 -0.048220 0.000000 -0.030481 0.992337 0.119740 15.032500 0.052218 -0.118051 0.991634 0.792900 0.000000 0.000000 0.000000 1.000000
0.998696 0.032017 -0.039773 0.000000 -0.027040 0.992414 0.119933 15.032500 0.043311 -0.118702 0.991985 0.792900 0.000000 0.000000 0.000000 1.000000
0.999223 0.000879 -0.039407 0.000000 0.003696 0.993255 0.115888 15.032500 0.039243 -0.115943 0.992480 0.792900 0.000000 0.000000 0.000000 1.000000
0.998979 -0.024130 -0.038189 0.000000 0.027846 0.994601 0.099967 15.032500 0.035571 -0.100928 0.994258 0.792900 0.000000 0.000000 0.000000 1.000000
0.999273 -0.020695 -0.032008 0.000000 0.021930 0.999008 0.038750 15.032500 0.031175 -0.039424 0.998736 0.792900 0.000000 0.000000 0.000000 1.000000
0.999713 0.011398 -0.021075 0.000000 -0.011678 0.999845 -0.013199 15.032500 0.020922 0.013441 0.999691 0.792900 0.000000 0.000000 0.000000 1.000000
0.999027 0.043515 -0.007144 0.000000 -0.043818 0.997788 -0.049989 15.032500 0.004953 0.050253 0.998724 0.792900 0.000000 0.000000 0.000000 1.000000
0.999330 0.036489 0.002754 0.000000 -0.036254 0.997494 -0.060764 15.032500 -0.004964 0.060623 0.998148 0.792900 0.000000 0.000000 0.000000 1.000000
0.999721 0.018508 0.014671 0.000000 -0.017602 0.998065 -0.059634 15.032500 -0.015746 0.059359 0.998113 0.792900 0.000000 0.000000 0.000000 1.000000
0.998593 0.040633 0.034081 0.000000 -0.040744 0.999166 0.002554 15.032500 -0.033949 -0.003939 0.999416 0.792900 0.000000 0.000000 0.000000 1.000000
0.997117 0.057603 0.049383 0.000000 -0.062245 0.993210 0.098282 15.032500 -0.043386 -0.101073 0.993933 0.792900 0.000000 0.000000 0.000000 1.000000
0.997291 0.056094 0.047573 0.000000 -0.063632 0.982407 0.175579 15.032500 -0.036887 -0.178130 0.983315 0.792900 0.000000 0.000000 0.000000 1.000000
0.997789 0.053464 0.039492 0.000000 -0.061070 0.971940 0.227162 15.032500 -0.026239 -0.229071 0.973056 0.792900 0.000000 0.000000 0.000000 1.000000
0.997562 0.059034 0.037220 0.000000 -0.066525 0.965560 0.251531 15.032500 -0.021089 -0.253394 0.967133 0.792900 0.000000 0.000000 0.000000 1.000000
0.997090 0.069565 0.031167 0.000000 -0.075072 0.967081 0.243145 15.032500 -0.013226 -0.244777 0.969489 0.792900 0.000000 0.000000 0.000000 1.000000
0.997365 0.068509 0.023869 0.000000 -0.071694 0.981079 0.179846 15.032500 -0.011097 -0.181083 0.983405 0.792900 0.000000 0.000000 0.000000 1.000000</float_array><technique_common><accessor source="#mixamorig_Neck-Matrix-animation-output-transform-array" count="22" stride="16"><param type="float4x4"/></accessor></technique_common></source><source id="mixamorig_Neck-Interpolations"><Name_array id="mixamorig_Neck-Interpolations-array" count="22">
 LINEAR LINEAR LINEAR LINEAR LINEAR LINEAR LINEAR LINEAR LINEAR LINEAR LINEAR
LINEAR LINEAR LINEAR LINEAR LINEAR LINEAR LINEAR LINEAR LINEAR LINEAR LINEAR</Name_array><technique_common><accessor source="#mixamorig_Neck-Interpolations-array" count="22"><param type="name"/></accessor></technique_common></source><sampler id="mixamorig_Neck-Matrix-animation-transform"><input semantic="INPUT" source="#mixamorig_Neck-Matrix-animation-input"/><input semantic="OUTPUT" source="#mixamorig_Neck-Matrix-animation-output-transform"/><input semantic="INTERPOLATION" source="#mixamorig_Neck-Interpolations"/></sampler><channel source="#mixamorig_Neck-Matrix-animation-transform" target="mixamorig_Neck/matrix"/></animation>
    <animation id="mixamorig_Head-anim" name="mixamorig_Head"><source id="mixamorig_Head-Matrix-animation-input"><float_array id="mixamorig_Head-Matrix-animation-input-array" count="22">

0.000000 0.033333 0.066667 0.100000 0.133333 0.166667 0.200000 0.233333 0.266667 0.300000 0.333333 0.366667 0.400000 0.433333 0.466667 0.500000
0.533333 0.566667 0.600000 0.633333 0.666667 0.700000</float_array><technique_common><accessor source="#mixamorig_Head-Matrix-animation-input-array" count="22"><param name="TIME" type="float"/></accessor></technique_common></source><source id="mixamorig_Head-Matrix-animation-output-transform"><float_array id="mixamorig_Head-Matrix-animation-output-transform-array" count="352">

0.997838 -0.031672 0.057589 0.000000 0.009211 0.934967 0.354614 10.321800 -0.065075 -0.353317 0.933237 3.142400 0.000000 0.000000 0.000000 1.000000
0.999557 -0.029335 0.005041 -0.000000 0.024522 0.907591 0.419139 10.321800 -0.016871 -0.418830 0.907908 3.142400 0.000000 0.000000 0.000000 1.000000
0.996180 -0.028959 -0.082388 -0.000000 0.061976 0.899098 0.433337 10.321800 0.061525 -0.436788 0.897458 3.142400 0.000000 0.000000 0.000000 1.000000
0.983218 -0.021658 -0.181145 0.000000 0.095181 0.907979 0.408062 10.321800 0.155638 -0.418456 0.894803 3.142400 0.000000 0.000000 0.000000 1.000000
0.965190 -0.005831 -0.261484 0.000000 0.113855 0.909423 0.399984 10.321800 0.235467 -0.415832 0.878430 3.142400 0.000000 0.000000 0.000000 1.000000
0.954996 0.016918 -0.296137 0.000000 0.110613 0.906044 0.408472 10.321800 0.275223 -0.422845 0.863397 3.142400 0.000000 0.000000 0.000000 1.000000
0.958934 0.036414 -0.281283 -0.000000 0.066849 0.934770 0.348907 10.321800 0.275640 -0.353382 0.893948 3.142400 0.000000 0.000000 0.000000 1.000000
0.970005 0.039761 -0.239812 0.000000 0.056083 0.923311 0.379936 10.321800 0.236528 -0.381989 0.893386 3.142400 0.000000 0.000000 0.000000 1.000000
0.980912 0.046537 -0.188802 0.000000 0.032553 0.917939 0.395384 10.321800 0.191709 -0.393983 0.898902 3.142400 0.000000 0.000000 0.000000 1.000000
0.985204 0.050756 -0.163695 0.000000 0.018334 0.918446 0.395120 10.321800 0.170400 -0.392276 0.903927 3.142400 0.000000 0.000000 0.000000 1.000000
0.986905 0.046921 -0.154325 -0.000000 0.022402 0.907612 0.419212 10.321800 0.159737 -0.417180 0.894676 3.142400 0.000000 0.000000 0.000000 1.000000
0.991559 0.042797 -0.122390 0.000000 0.015836 0.896912 0.441925 10.321800 0.128686 -0.440133 0.888664 3.142400 0.000000 0.000000 0.000000 1.000000
0.997719 0.056051 -0.037620 -0.000000 -0.031508 0.879526 0.474806 10.321800 0.059701 -0.472538 0.879286 3.142400 0.000000 0.000000 0.000000 1.000000
0.991942 0.086577 0.092500 0.000000 -0.121381 0.858655 0.497974 10.321800 -0.036313 -0.505189 0.862245 3.142400 0.000000 0.000000 0.000000 1.000000
0.975164 0.094381 0.200369 0.000000 -0.185158 0.843824 0.503664 10.321800 -0.121539 -0.528255 0.840342 3.142400 0.000000 0.000000 0.000000 1.000000
0.971967 0.052785 0.229117 0.000000 -0.157700 0.869131 0.468766 10.321800 -0.174389 -0.491756 0.853091 3.142400 0.000000 0.000000 0.000000 1.000000
0.978071 0.010153 0.208024 0.000000 -0.098023 0.903713 0.416767 10.321800 -0.183763 -0.428019 0.884890 3.142400 0.000000 0.000000 0.000000 1.000000
0.985963 -0.014243 0.166356 0.000000 -0.050847 0.923414 0.380422 10.321800 -0.159034 -0.383541 0.909728 3.142400 0.000000 0.000000 0.000000 1.000000
0.992720 -0.025702 0.117673 0.000000 -0.018113 0.934000 0.356812 10.321800 -0.119077 -0.356346 0.926735 3.142400 0.000000 0.000000 0.000000 1.000000
0.996450 -0.031704 0.077984 0.000000 0.003046 0.939340 0.342974 10.321800 -0.084127 -0.341519 0.936102 3.142400 0.000000 0.000000 0.000000 1.000000
0.997309 -0.039526 0.061746 0.000000 0.016148 0.939965 0.340889 10.321800 -0.071513 -0.338975 0.938074 3.142400 0.000000 0.000000 0.000000 1.000000
0.997838 -0.031672 0.057589 0.000000 0.009211 0.934967 0.354614 10.321800 -0.065075 -0.353317 0.933238 3.142400 0.000000 0.000000 0.000000 1.000000</float_array><technique_common><accessor source="#mixamorig_Head-Matrix-animation-output-transform-array" count="22" stride="16"><param type="float4x4"/></accessor></technique_common></source><source id="mixamorig_Head-Interpolations"><Name_array id="mixamorig_Head-Interpolations-array" count="22">
 LINEAR LINEAR LINEAR LINEAR LINEAR LINEAR LINEAR LINEAR LINEAR LINEAR LINEAR
LINEAR LINEAR LINEAR LINEAR LINEAR LINEAR LINEAR LINEAR LINEAR LINEAR LINEAR</Name_array><technique_common><accessor source="#mixamorig_Head-Interpolations-array" count="22"><param type="name"/></accessor></technique_common></source><sampler id="mixamorig_Head-Matrix-animation-transform"><input semantic="INPUT" source="#mixamorig_Head-Matrix-animation-input"/><input semantic="OUTPUT" source="#mixamorig_Head-Matrix-animation-output-transform"/><input semantic="INTERPOLATION" source="#mixamorig_Head-Interpolations"/></sampler><channel source="#mixamorig_Head-Matrix-animation-transform" target="mixamorig_Head/matrix"/></animation>
    <animation id="mixamorig_LeftShoulder-anim" name="mixamorig_LeftShoulder"><source id="mixamorig_LeftShoulder-Matrix-animation-input"><float_array id="mixamorig_LeftShoulder-Matrix-animation-input-array" count="22">

0.000000 0.033333 0.066667 0.100000 0.133333 0.166667 0.200000 0.233333 0.266667 0.300000 0.333333 0.366667 0.400000 0.433333 0.466667 0.500000
0.533333 0.566667 0.600000 0.633333 0.666667 0.700000</float_array><technique_common><accessor source="#mixamorig_LeftShoulder-Matrix-animation-input-array" count="22"><param name="TIME" type="float"/></accessor></technique_common></source><source id="mixamorig_LeftShoulder-Matrix-animation-output-transform"><float_array id="mixamorig_LeftShoulder-Matrix-animation-output-transform-array" count="352">

0.953446 0.248242 -0.171222 6.105800 -0.246595 0.968617 0.031171 9.110400 0.173586 0.012503 0.984739 0.705600 0.000000 0.000000 0.000000 1.000000
0.973843 0.197432 -0.112470 6.105800 -0.194882 0.980260 0.033342 9.110400 0.116833 -0.010552 0.993096 0.705600 0.000000 0.000000 0.000000 1.000000
0.985268 0.148399 -0.084995 6.105800 -0.145946 0.988694 0.034411 9.110400 0.089141 -0.021499 0.995787 0.705600 0.000000 0.000000 0.000000 1.000000
0.985535 0.135243 -0.102126 6.105800 -0.132357 0.990600 0.034555 9.110400 0.105839 -0.020538 0.994171 0.705600 0.000000 0.000000 0.000000 1.000000
0.981717 0.160643 -0.102102 6.105800 -0.158065 0.986880 0.032912 9.110400 0.106050 -0.016171 0.994229 0.705600 0.000000 0.000000 0.000000 1.000000
0.979501 0.178287 -0.093764 6.105800 -0.176075 0.983875 0.031428 9.110400 0.097855 -0.014275 0.995098 0.705600 0.000000 0.000000 0.000000 1.000000
0.977662 0.176008 -0.114882 6.105800 -0.173520 0.984330 0.031387 9.110400 0.118606 -0.010752 0.992883 0.705600 0.000000 0.000000 0.000000 1.000000
0.966957 0.227027 -0.115984 6.105800 -0.225171 0.973887 0.029030 9.110400 0.119546 -0.001955 0.992827 0.705600 0.000000 0.000000 0.000000 1.000000
0.955172 0.273550 -0.113216 6.105800 -0.272309 0.961842 0.026591 9.110400 0.116170 0.005430 0.993215 0.705600 0.000000 0.000000 0.000000 1.000000
0.924726 0.346352 -0.157868 6.105800 -0.346393 0.937667 0.028150 9.110400 0.157778 0.028653 0.987059 0.705600 0.000000 0.000000 0.000000 1.000000
0.899415 0.386915 -0.203346 6.105800 -0.388600 0.920807 0.033252 9.110400 0.200108 0.049113 0.978542 0.705600 0.000000 0.000000 0.000000 1.000000
0.847029 0.450351 -0.282357 6.105800 -0.456395 0.888483 0.047985 9.110400 0.272479 0.088222 0.958109 0.705600 0.000000 0.000000 0.000000 1.000000
0.837311 0.448270 -0.312991 6.105800 -0.455689 0.888529 0.053508 9.110400 0.302088 0.097824 0.948248 0.705600 0.000000 0.000000 0.000000 1.000000
0.867863 0.399928 -0.294738 6.105800 -0.404994 0.913136 0.046515 9.110400 0.287739 0.078999 0.954445 0.705600 0.000000 0.000000 0.000000 1.000000
0.893948 0.357038 -0.270889 6.105800 -0.360092 0.932053 0.040146 9.110400 0.266817 0.061656 0.961773 0.705600 0.000000 0.000000 0.000000 1.000000
0.910344 0.330584 -0.248973 6.105800 -0.332452 0.942441 0.035788 9.110400 0.246473 0.050192 0.967849 0.705600 0.000000 0.000000 0.000000 1.000000
0.902145 0.351534 -0.250118 6.105800 -0.354001 0.934528 0.036617 9.110400 0.246615 0.055508 0.967523 0.705600 0.000000 0.000000 0.000000 1.000000
0.893483 0.364154 -0.262831 6.105800 -0.367323 0.929283 0.038827 9.110400 0.258384 0.061853 0.964060 0.705600 0.000000 0.000000 0.000000 1.000000
0.905003 0.324542 -0.275032 6.105800 -0.327093 0.944232 0.037895 9.110400 0.271993 0.055666 0.960688 0.705600 0.000000 0.000000 0.000000 1.000000
0.917481 0.293685 -0.268286 6.105800 -0.295418 0.954732 0.034853 9.110400 0.266378 0.047279 0.962708 0.705600 0.000000 0.000000 0.000000 1.000000
0.929042 0.300103 -0.216377 6.105800 -0.301202 0.953129 0.028689 9.110400 0.214845 0.038520 0.975888 0.705600 0.000000 0.000000 0.000000 1.000000
0.953446 0.248242 -0.171222 6.105800 -0.246595 0.968617 0.031171 9.110400 0.173586 0.012503 0.984739 0.705600 0.000000 0.000000 0.000000 1.000000</float_array><technique_common><accessor source="#mixamorig_LeftShoulder-Matrix-animation-output-transform-array" count="22" stride="16"><param type="float4x4"/></accessor></technique_common></source><source id="mixamorig_LeftShoulder-Interpolations"><Name_array id="mixamorig_LeftShoulder-Interpolations-array" count="22">
 LINEAR LINEAR LINEAR LINEAR LINEAR LINEAR LINEAR LINEAR LINEAR LINEAR LINEAR
LINEAR LINEAR LINEAR LINEAR LINEAR LINEAR LINEAR LINEAR LINEAR LINEAR LINEAR</Name_array><technique_common><accessor source="#mixamorig_LeftShoulder-Interpolations-array" count="22"><param type="name"/></accessor></technique_common></source><sampler id="mixamorig_LeftShoulder-Matrix-animation-transform"><input semantic="INPUT" source="#mixamorig_LeftShoulder-Matrix-animation-input"/><input semantic="OUTPUT" source="#mixamorig_LeftShoulder-Matrix-animation-output-transform"/><input semantic="INTERPOLATION" source="#mixamorig_LeftShoulder-Interpolations"/></sampler><channel source="#mixamorig_LeftShoulder-Matrix-animation-transform" target="mixamorig_LeftShoulder/matrix"/></animation>
    <animation id="mixamorig_LeftArm-anim" name="mixamorig_LeftArm"><source id="mixamorig_LeftArm-Matrix-animation-input"><float_array id="mixamorig_LeftArm-Matrix-animation-input-array" count="22">

0.000000 0.033333 0.066667 0.100000 0.133333 0.166667 0.200000 0.233333 0.266667 0.300000 0.333333 0.366667 0.400000 0.433333 0.466667 0.500000
0.533333 0.566667 0.600000 0.633333 0.666667 0.700000</float_array><technique_common><accessor source="#mixamorig_LeftArm-Matrix-animation-input-array" count="22"><param name="TIME" type="float"/></accessor></technique_common></source><source id="mixamorig_LeftArm-Matrix-animation-output-transform"><float_array id="mixamorig_LeftArm-Matrix-animation-output-transform-array" count="352">

0.386119 0.888580 0.247664 12.655000 -0.768342 0.458376 -0.446702 -0.265900 -0.510454 -0.017810 0.859721 -2.600900 0.000000 0.000000 0.000000 1.000000
0.432227 0.881607 0.189599 12.655000 -0.712647 0.462778 -0.527229 -0.265900 -0.552552 0.092765 0.828300 -2.600900 0.000000 0.000000 0.000000 1.000000
0.503560 0.843743 0.185811 12.655000 -0.613114 0.500518 -0.611206 -0.265900 -0.608703 0.193855 0.769351 -2.600900 0.000000 0.000000 0.000000 1.000000
0.570088 0.779266 0.260276 12.655000 -0.482021 0.573787 -0.662137 -0.265900 -0.665324 0.252018 0.702731 -2.600900 0.000000 0.000000 0.000000 1.000000
0.637105 0.696854 0.329380 12.655000 -0.383620 0.657328 -0.648657 -0.265900 -0.668530 0.286906 0.686114 -2.600900 0.000000 0.000000 0.000000 1.000000
0.670139 0.668546 0.322428 12.655000 -0.406435 0.694010 -0.594273 -0.265900 -0.621068 0.267199 0.736804 -2.600900 0.000000 0.000000 0.000000 1.000000
0.643375 0.705107 0.298148 12.655000 -0.501721 0.682517 -0.531457 -0.265900 -0.578225 0.192339 0.792882 -2.600900 0.000000 0.000000 0.000000 1.000000
0.667531 0.700466 0.252489 12.655000 -0.568431 0.698439 -0.434821 -0.265900 -0.480925 0.146733 0.864396 -2.600900 0.000000 0.000000 0.000000 1.000000
0.707590 0.691038 0.147588 12.655000 -0.629572 0.711371 -0.312394 -0.265900 -0.320866 0.128130 0.938418 -2.600900 0.000000 0.000000 0.000000 1.000000
0.755538 0.653813 0.041125 12.655000 -0.640294 0.750272 -0.164668 -0.265900 -0.138517 0.098081 0.985491 -2.600900 0.000000 0.000000 0.000000 1.000000
0.746821 0.657888 -0.097167 12.655000 -0.662413 0.748841 -0.021107 -0.265900 0.058877 0.080128 0.995044 -2.600900 0.000000 0.000000 0.000000 1.000000
0.742149 0.653246 -0.149947 12.655000 -0.644304 0.756981 0.108867 -0.265900 0.184624 0.015817 0.982682 -2.600900 0.000000 0.000000 0.000000 1.000000
0.697516 0.696471 -0.168522 12.655000 -0.663499 0.716563 0.215188 -0.265900 0.270629 -0.038283 0.961922 -2.600900 0.000000 0.000000 0.000000 1.000000
0.656940 0.736777 -0.159965 12.655000 -0.694007 0.673851 0.253535 -0.265900 0.294592 -0.055540 0.954008 -2.600900 0.000000 0.000000 0.000000 1.000000
0.655354 0.743931 -0.130680 12.655000 -0.701193 0.663531 0.260873 -0.265900 0.280782 -0.079333 0.956487 -2.600900 0.000000 0.000000 0.000000 1.000000
0.666782 0.736634 -0.113014 12.655000 -0.680688 0.663713 0.310079 -0.265900 0.303423 -0.129828 0.943970 -2.600900 0.000000 0.000000 0.000000 1.000000
0.715101 0.688954 -0.118207 12.655000 -0.609928 0.697584 0.375983 -0.265900 0.341495 -0.196768 0.919056 -2.600900 0.000000 0.000000 0.000000 1.000000
0.731489 0.673666 -0.105343 12.655000 -0.597062 0.707449 0.378197 -0.265900 0.329303 -0.213751 0.919712 -2.600900 0.000000 0.000000 0.000000 1.000000
0.668155 0.743881 -0.014490 12.655000 -0.718678 0.650313 0.246162 -0.265900 0.192538 -0.154061 0.969120 -2.600900 0.000000 0.000000 0.000000 1.000000
0.556190 0.825207 0.098418 12.655000 -0.828432 0.559935 -0.013185 -0.265900 -0.065988 -0.074199 0.995058 -2.600900 0.000000 0.000000 0.000000 1.000000
0.477267 0.859886 0.181139 12.655000 -0.818823 0.509987 -0.263517 -0.265900 -0.318973 -0.022553 0.947495 -2.600900 0.000000 0.000000 0.000000 1.000000
0.386119 0.888580 0.247664 12.655000 -0.768342 0.458376 -0.446702 -0.265900 -0.510454 -0.017810 0.859721 -2.600900 0.000000 0.000000 0.000000 1.000000</float_array><technique_common><accessor source="#mixamorig_LeftArm-Matrix-animation-output-transform-array" count="22" stride="16"><param type="float4x4"/></accessor></technique_common></source><source id="mixamorig_LeftArm-Interpolations"><Name_array id="mixamorig_LeftArm-Interpolations-array" count="22">
