<?xml version="1.0" encoding="utf-8"?>
<COLLADA xmlns="http://www.collada.org/2005/11/COLLADASchema" version="1.4.1">
  <asset><contributor><author>Mixamo</author><authoring_tool>COLLADA Mixamo exporter</authoring_tool><comments></comments></contributor><created>2018-10-15T17:14:10Z</created><modified>2018-10-15T17:14:10Z</modified><revision></revision><title></title><unit meter="0.010000"/><up_axis>Y_UP</up_axis></asset>
  <library_animations>
    <animation id="mixamorig_Hips-anim" name="mixamorig_Hips"><source id="mixamorig_Hips-Matrix-animation-input"><float_array id="mixamorig_Hips-Matrix-animation-input-array" count="28">

0.000000 0.033333 0.066667 0.100000 0.133333 0.166667 0.200000 0.233333 0.266667 0.300000 0.333333 0.366667 0.400000 0.433333 0.466667 0.500000
0.533333 0.566667 0.600000 0.633333 0.666667 0.700000 0.733333 0.766667 0.800000 0.833333 0.866667 0.900000</float_array><technique_common><accessor source="#mixamorig_Hips-Matrix-animation-input-array" count="28"><param name="TIME" type="float"/></accessor></technique_common></source><source id="mixamorig_Hips-Matrix-animation-output-transform"><float_array id="mixamorig_Hips-Matrix-animation-output-transform-array" count="448">

0.980143 0.153065 -0.126059 -0.239053 -0.173468 0.969858 -0.171127 85.792030 0.096065 0.189596 0.977151 0.340316 0.000000 0.000000 0.000000 1.000000
0.944251 -0.021067 -0.328553 -0.283661 -0.018139 0.993106 -0.115807 92.267151 0.328728 0.115311 0.937359 19.719952 0.000000 0.000000 0.000000 1.000000
0.900142 -0.200588 -0.386663 -2.000068 0.175110 0.979413 -0.100436 100.529716 0.398849 0.022698 0.916736 34.412613 0.000000 0.000000 0.000000 1.000000
0.883702 -0.312897 -0.348089 -3.348253 0.298803 0.949575 -0.094996 107.245445 0.360261 -0.020062 0.932636 47.597595 0.000000 0.000000 0.000000 1.000000
0.899225 -0.330858 -0.286231 -3.682003 0.327355 0.942899 -0.061487 112.530777 0.290230 -0.038409 0.956186 61.554417 0.000000 0.000000 0.000000 1.000000
0.934885 -0.272929 -0.226935 -3.391619 0.278923 0.960295 -0.005864 117.088135 0.219525 -0.057815 0.973892 76.329880 0.000000 0.000000 0.000000 1.000000
0.963079 -0.208902 -0.169823 -3.028458 0.221177 0.973585 0.056690 121.168472 0.153494 -0.092158 0.983843 91.786011 0.000000 0.000000 0.000000 1.000000
0.976616 -0.175390 -0.124338 -2.703928 0.186195 0.979143 0.081304 125.078262 0.107484 -0.102554 0.988903 107.523788 0.000000 0.000000 0.000000 1.000000
0.980119 -0.161725 -0.114943 -2.157149 0.171403 0.981952 0.079951 128.110443 0.099938 -0.098063 0.990150 122.447891 0.000000 0.000000 0.000000 1.000000
0.978163 -0.153339 -0.140302 -1.401279 0.167115 0.981610 0.092276 129.863770 0.123573 -0.113708 0.985799 136.967010 0.000000 0.000000 0.000000 1.000000
0.977285 -0.135120 -0.163269 -0.632896 0.157297 0.978753 0.131531 130.200882 0.142027 -0.154225 0.977775 151.215134 0.000000 0.000000 0.000000 1.000000
0.984601 -0.102004 -0.141973 0.040230 0.127096 0.975291 0.180706 129.529343 0.120032 -0.195968 0.973236 165.269165 0.000000 0.000000 0.000000 1.000000
0.995951 -0.058644 -0.068136 0.606708 0.072259 0.973120 0.218668 127.905510 0.053481 -0.222706 0.973418 179.498154 0.000000 0.000000 0.000000 1.000000
0.999206 -0.008938 0.038829 1.107348 -0.000426 0.972065 0.234710 125.164734 -0.039842 -0.234541 0.971290 194.341309 0.000000 0.000000 0.000000 1.000000
0.988534 0.040048 0.145588 1.499803 -0.073223 0.970373 0.230250 121.460449 -0.132053 -0.238270 0.962180 210.015060 0.000000 0.000000 0.000000 1.000000
0.971097 0.078622 0.225365 1.768461 -0.127778 0.968741 0.212637 117.158493 -0.201602 -0.235288 0.950787 226.427750 0.000000 0.000000 0.000000 1.000000
0.956313 0.106648 0.272197 1.950294 -0.162790 0.967639 0.192805 111.898102 -0.242826 -0.228693 0.942727 243.308853 0.000000 0.000000 0.000000 1.000000
0.945959 0.113714 0.303694 1.875788 -0.175833 0.966745 0.185707 105.558151 -0.272478 -0.229071 0.934496 259.756927 0.000000 0.000000 0.000000 1.000000
0.936875 0.090986 0.337621 1.445085 -0.168198 0.963772 0.207008 98.810188 -0.306554 -0.250728 0.918237 275.296173 0.000000 0.000000 0.000000 1.000000
0.930008 0.028207 0.366455 0.717666 -0.127522 0.959877 0.249748 92.903183 -0.344707 -0.278999 0.896290 290.463654 0.000000 0.000000 0.000000 1.000000
0.931881 -0.011225 0.362590 0.060952 -0.094229 0.957723 0.271823 88.327248 -0.350312 -0.287473 0.891426 306.768982 0.000000 0.000000 0.000000 1.000000
0.940114 -0.024304 0.339993 -0.215375 -0.055096 0.973503 0.221936 87.333008 -0.336378 -0.227377 0.913865 324.758759 0.000000 0.000000 0.000000 1.000000
0.945170 -0.016420 0.326167 -0.259696 -0.017598 0.994723 0.101074 86.882149 -0.326105 -0.101272 0.939893 343.517487 0.000000 0.000000 0.000000 1.000000
0.946983 -0.003193 0.321267 -0.296713 0.010119 0.999751 -0.019891 86.211105 -0.321123 0.022088 0.946780 361.418182 0.000000 0.000000 0.000000 1.000000
0.959135 0.018219 0.282361 -0.368026 0.003502 0.997084 -0.076230 86.262764 -0.282926 0.074104 0.956275 378.121490 0.000000 0.000000 0.000000 1.000000
0.982313 0.078756 0.169880 -0.259905 -0.063779 0.993724 -0.091893 86.572754 -0.176051 0.079433 0.981171 393.340057 0.000000 0.000000 0.000000 1.000000
0.990838 0.133722 0.018940 -0.071893 -0.130326 0.983472 -0.125692 86.284889 -0.035435 0.122072 0.991888 409.155151 0.000000 0.000000 0.000000 1.000000
0.980135 0.153149 -0.126019 -0.189751 -0.173544 0.969843 -0.171133 85.794525 0.096010 0.189604 0.977155 427.333679 0.000000 0.000000 0.000000 1.000000</float_array><technique_common><accessor source="#mixamorig_Hips-Matrix-animation-output-transform-array" count="28" stride="16"><param type="float4x4"/></accessor></technique_common></source><source id="mixamorig_Hips-Interpolations"><Name_array id="mixamorig_Hips-Interpolations-array" count="28">
 LINEAR LINEAR LINEAR LINEAR LINEAR LINEAR LINEAR LINEAR LINEAR LINEAR LINEAR
LINEAR LINEAR LINEAR LINEAR LINEAR LINEAR LINEAR LINEAR LINEAR LINEAR LINEAR LINEAR
LINEAR LINEAR LINEAR LINEAR LINEAR</Name_array><technique_common><accessor source="#mixamorig_Hips-Interpolations-array" count="28"><param type="name"/></accessor></technique_common></source><sampler id="mixamorig_Hips-Matrix-animation-transform"><input semantic="INPUT" source="#mixamorig_Hips-Matrix-animation-input"/><input semantic="OUTPUT" source="#mixamorig_Hips-Matrix-animation-output-transform"/><input semantic="INTERPOLATION" source="#mixamorig_Hips-Interpolations"/></sampler><channel source="#mixamorig_Hips-Matrix-animation-transform" target="mixamorig_Hips/matrix"/></animation>
    <animation id="mixamorig_Spine-anim" name="mixamorig_Spine"><source id="mixamorig_Spine-Matrix-animation-input"><float_array id="mixamorig_Spine-Matrix-animation-input-array" count="28">

0.000000 0.033333 0.066667 0.100000 0.133333 0.166667 0.200000 0.233333 0.266667 0.300000 0.333333 0.366667 0.400000 0.433333 0.466667 0.500000
0.533333 0.566667 0.600000 0.633333 0.666667 0.700000 0.733333 0.766667 0.800000 0.833333 0.866667 0.900000</float_array><technique_common><accessor source="#mixamorig_Spine-Matrix-animation-input-array" count="28"><param name="TIME" type="float"/></accessor></technique_common></source><source id="mixamorig_Spine-Matrix-animation-output-transform"><float_array id="mixamorig_Spine-Matrix-animation-output-transform-array" count="448">

0.944941 -0.319938 0.068750 -0.000000 0.322694 0.945916 -0.033348 9.923500 -0.054362 0.053697 0.997076 -1.227300 0.000000 0.000000 0.000000 1.000000
0.928717 -0.107334 0.354915 0.000000 0.139453 0.988019 -0.066113 9.923500 -0.343567 0.110894 0.932558 -1.227300 0.000000 0.000000 0.000000 1.000000
0.833103 0.161635 0.528974 -0.000000 -0.072762 0.980065 -0.184876 9.923500 -0.548311 0.115531 0.828256 -1.227300 0.000000 0.000000 0.000000 1.000000
0.766950 0.354291 0.535038 -0.000000 -0.201960 0.924670 -0.322798 9.923500 -0.609098 0.139514 0.780727 -1.227300 0.000000 0.000000 0.000000 1.000000
0.779198 0.414107 0.470495 0.000000 -0.218791 0.883144 -0.414955 9.923500 -0.587351 0.220392 0.778747 -1.227300 0.000000 0.000000 0.000000 1.000000
0.831748 0.361171 0.421605 -0.000000 -0.155614 0.880672 -0.447438 9.923500 -0.532898 0.306549 0.788700 -1.227300 0.000000 0.000000 0.000000 1.000000
0.866119 0.312225 0.390324 0.000000 -0.104143 0.876489 -0.470023 9.923500 -0.488868 0.366446 0.791660 -1.227300 0.000000 0.000000 0.000000 1.000000
0.873674 0.293284 0.388173 0.000000 -0.087614 0.879672 -0.467441 9.923500 -0.478558 0.374382 0.794242 -1.227300 0.000000 0.000000 0.000000 1.000000
0.873315 0.268836 0.406261 0.000000 -0.058434 0.885732 -0.460504 9.923500 -0.483639 0.378426 0.789232 -1.227300 0.000000 0.000000 0.000000 1.000000
0.875845 0.242556 0.417208 0.000000 -0.011347 0.874624 -0.484668 9.923500 -0.482460 0.419760 0.768788 -1.227300 0.000000 0.000000 0.000000 1.000000
0.893158 0.213435 0.395871 -0.000000 0.039538 0.839545 -0.541849 9.923500 -0.448002 0.499609 0.741408 -1.227300 0.000000 0.000000 0.000000 1.000000
0.925980 0.165260 0.339485 0.000000 0.078860 0.794646 -0.601930 9.923500 -0.369245 0.584147 0.722794 -1.227300 0.000000 0.000000 0.000000 1.000000
0.959836 0.088011 0.266401 0.000000 0.109210 0.757436 -0.643711 9.923500 -0.258435 0.646951 0.717402 -1.227300 0.000000 0.000000 0.000000 1.000000
0.980863 -0.010695 0.194407 -0.000000 0.138208 0.741537 -0.656522 9.923500 -0.137138 0.670827 0.728824 -1.227300 0.000000 0.000000 0.000000 1.000000
0.986754 -0.103731 0.124725 0.000000 0.159823 0.753405 -0.637838 9.923500 -0.027805 0.649323 0.760004 -1.227300 0.000000 0.000000 0.000000 1.000000
0.984797 -0.168240 0.043241 0.000000 0.160850 0.789202 -0.592696 9.923500 0.065590 0.590640 0.804265 -1.227300 0.000000 0.000000 0.000000 1.000000
0.977452 -0.203482 -0.056418 -0.000000 0.143747 0.836931 -0.528094 9.923500 0.154675 0.508077 0.847310 -1.227300 0.000000 0.000000 0.000000 1.000000
0.963718 -0.204408 -0.171652 0.000000 0.101243 0.874953 -0.473506 9.923500 0.246976 0.438947 0.863903 -1.227300 0.000000 0.000000 0.000000 1.000000
0.944503 -0.163091 -0.285157 0.000000 0.014118 0.887404 -0.460775 9.923500 0.328198 0.431178 0.840459 -1.227300 0.000000 0.000000 0.000000 1.000000
0.917794 -0.060483 -0.392423 0.000000 -0.134425 0.882634 -0.450430 9.923500 0.373609 0.466153 0.801946 -1.227300 0.000000 0.000000 0.000000 1.000000
0.894083 0.020352 -0.447438 0.000000 -0.222172 0.887561 -0.403579 9.923500 0.388914 0.460241 0.798075 -1.227300 0.000000 0.000000 0.000000 1.000000
0.887155 0.057057 -0.457931 0.000000 -0.206893 0.936185 -0.284170 9.923500 0.412494 0.346845 0.842346 -1.227300 0.000000 0.000000 0.000000 1.000000
0.892583 0.048649 -0.448251 0.000000 -0.106331 0.988833 -0.104414 9.923500 0.438166 0.140861 0.887789 -1.227300 0.000000 0.000000 0.000000 1.000000
0.902733 0.024102 -0.429526 -0.000000 -0.008960 0.999266 0.037241 9.923500 0.430108 -0.029771 0.902286 -1.227300 0.000000 0.000000 0.000000 1.000000
0.925875 -0.044285 -0.375225 -0.000000 0.062138 0.997432 0.035608 9.923500 0.372685 -0.056284 0.926249 -1.227300 0.000000 0.000000 0.000000 1.000000
0.950738 -0.179503 -0.252735 0.000000 0.167265 0.983474 -0.069286 9.923500 0.260996 0.023599 0.965051 -1.227300 0.000000 0.000000 0.000000 1.000000
0.954289 -0.282830 -0.096639 0.000000 0.275307 0.957665 -0.084169 9.923500 0.116353 0.053716 0.991754 -1.227300 0.000000 0.000000 0.000000 1.000000
0.944915 -0.320021 0.068712 -0.000000 0.322775 0.945888 -0.033342 9.923500 -0.054324 0.053684 0.997079 -1.227300 0.000000 0.000000 0.000000 1.000000</float_array><technique_common><accessor source="#mixamorig_Spine-Matrix-animation-output-transform-array" count="28" stride="16"><param type="float4x4"/></accessor></technique_common></source><source id="mixamorig_Spine-Interpolations"><Name_array id="mixamorig_Spine-Interpolations-array" count="28">
 LINEAR LINEAR LINEAR LINEAR LINEAR LINEAR LINEAR LINEAR LINEAR LINEAR LINEAR
LINEAR LINEAR LINEAR LINEAR LINEAR LINEAR LINEAR LINEAR LINEAR LINEAR LINEAR LINEAR
LINEAR LINEAR LINEAR LINEAR LINEAR</Name_array><technique_common><accessor source="#mixamorig_Spine-Interpolations-array" count="28"><param type="name"/></accessor></technique_common></source><sampler id="mixamorig_Spine-Matrix-animation-transform"><input semantic="INPUT" source="#mixamorig_Spine-Matrix-animation-input"/><input semantic="OUTPUT" source="#mixamorig_Spine-Matrix-animation-output-transform"/><input semantic="INTERPOLATION" source="#mixamorig_Spine-Interpolations"/></sampler><channel source="#mixamorig_Spine-Matrix-animation-transform" target="mixamorig_Spine/matrix"/></animation>
    <animation id="mixamorig_Spine1-anim" name="mixamorig_Spine1"><source id="mixamorig_Spine1-Matrix-animation-input"><float_array id="mixamorig_Spine1-Matrix-animation-input-array" count="28">

0.000000 0.033333 0.066667 0.100000 0.133333 0.166667 0.200000 0.233333 0.266667 0.300000 0.333333 0.366667 0.400000 0.433333 0.466667 0.500000
0.533333 0.566667 0.600000 0.633333 0.666667 0.700000 0.733333 0.766667 0.800000 0.833333 0.866667 0.900000</float_array><technique_common><accessor source="#mixamorig_Spine1-Matrix-animation-input-array" count="28"><param name="TIME" type="float"/></accessor></technique_common></source><source id="mixamorig_Spine1-Matrix-animation-output-transform"><float_array id="mixamorig_Spine1-Matrix-animation-output-transform-array" count="448">

0.996909 0.077686 0.011749 -0.000100 -0.076920 0.995484 -0.055629 11.645400 -0.016018 0.054554 0.998382 -1.422300 0.000000 0.000000 0.000000 1.000000
0.992059 0.116763 0.046755 -0.000100 -0.114699 0.992397 -0.044640 11.645400 -0.051611 0.038923 0.997908 -1.422300 0.000000 0.000000 0.000000 1.000000
0.987903 0.138043 0.070654 -0.000100 -0.133317 0.988755 -0.067747 11.645400 -0.079211 0.057508 0.995198 -1.422300 0.000000 0.000000 0.000000 1.000000
0.990067 0.116635 0.078504 -0.000100 -0.110403 0.990700 -0.079527 11.645400 -0.087049 0.070070 0.993737 -1.422300 0.000000 0.000000 0.000000 1.000000
0.993091 0.088012 0.077621 -0.000100 -0.082879 0.994302 -0.067042 11.645400 -0.083079 0.060145 0.994726 -1.422300 0.000000 0.000000 0.000000 1.000000
0.995253 0.065526 0.071962 -0.000100 -0.061201 0.996275 -0.060744 11.645400 -0.075674 0.056051 0.995556 -1.422300 0.000000 0.000000 0.000000 1.000000
0.996591 0.048984 0.066386 -0.000100 -0.044846 0.997039 -0.062464 11.645400 -0.069249 0.059274 0.995837 -1.422300 0.000000 0.000000 0.000000 1.000000
0.997155 0.039627 0.064118 -0.000100 -0.035510 0.997310 -0.064129 11.645400 -0.066487 0.061669 0.995880 -1.422300 0.000000 0.000000 0.000000 1.000000
0.997105 0.039076 0.065232 -0.000100 -0.035238 0.997637 -0.058973 11.645400 -0.067383 0.056504 0.996126 -1.422300 0.000000 0.000000 0.000000 1.000000
0.997105 0.037311 0.066249 -0.000100 -0.033803 0.998005 -0.053316 11.645400 -0.068106 0.050922 0.996378 -1.422300 0.000000 0.000000 0.000000 1.000000
0.997600 0.029533 0.062628 -0.000100 -0.026752 0.998638 -0.044787 11.645400 -0.063866 0.043004 0.997032 -1.422300 0.000000 0.000000 0.000000 1.000000
0.998535 0.013506 0.052398 -0.000100 -0.011834 0.999415 -0.032100 11.645400 -0.052801 0.031433 0.998110 -1.422300 0.000000 0.000000 0.000000 1.000000
0.999290 -0.007162 0.036989 -0.000100 0.007833 0.999807 -0.018032 11.645400 -0.036853 0.018309 0.999153 -1.422300 0.000000 0.000000 0.000000 1.000000
0.999387 -0.028909 0.019754 -0.000100 0.029120 0.999521 -0.010479 11.645400 -0.019442 0.011048 0.999750 -1.422300 0.000000 0.000000 0.000000 1.000000
0.998780 -0.049213 0.004055 -0.000100 0.049274 0.998645 -0.016746 11.645400 -0.003226 0.016926 0.999852 -1.422300 0.000000 0.000000 0.000000 1.000000
0.997818 -0.065405 -0.009039 -0.000100 0.065028 0.997194 -0.037095 11.645400 0.011440 0.036426 0.999271 -1.422300 0.000000 0.000000 0.000000 1.000000
0.997105 -0.073074 -0.021029 -0.000100 0.071627 0.995448 -0.062877 11.645400 0.025528 0.061189 0.997800 -1.422300 0.000000 0.000000 0.000000 1.000000
0.996980 -0.069621 -0.034412 -0.000100 0.066748 0.994672 -0.078558 11.645400 0.039698 0.076024 0.996315 -1.422300 0.000000 0.000000 0.000000 1.000000
0.996904 -0.060901 -0.049744 -0.000100 0.057151 0.995648 -0.073616 11.645400 0.054011 0.070546 0.996045 -1.422300 0.000000 0.000000 0.000000 1.000000
0.996730 -0.049602 -0.063789 -0.000100 0.045540 0.996935 -0.063619 11.645400 0.066749 0.060506 0.995934 -1.422300 0.000000 0.000000 0.000000 1.000000
0.996628 -0.040843 -0.071159 -0.000100 0.036303 0.997292 -0.063965 11.645400 0.073578 0.061166 0.995412 -1.422300 0.000000 0.000000 0.000000 1.000000
0.996901 -0.033051 -0.071392 -0.000100 0.027882 0.996999 -0.072220 11.645400 0.073564 0.070006 0.994830 -1.422300 0.000000 0.000000 0.000000 1.000000
0.997272 -0.032988 -0.066027 -0.000100 0.027208 0.995872 -0.086599 11.645400 0.068611 0.084566 0.994053 -1.422300 0.000000 0.000000 0.000000 1.000000
0.997611 -0.038103 -0.057628 -0.000100 0.032538 0.994982 -0.094612 11.645400 0.060944 0.092511 0.993845 -1.422300 0.000000 0.000000 0.000000 1.000000
0.998393 -0.030134 -0.047984 -0.000100 0.025978 0.996043 -0.084994 11.645400 0.050356 0.083611 0.995225 -1.422300 0.000000 0.000000 0.000000 1.000000
0.999444 -0.002251 -0.033274 -0.000100 -0.000020 0.997680 -0.068077 11.645400 0.033350 0.068040 0.997125 -1.422300 0.000000 0.000000 0.000000 1.000000
0.999225 0.037472 -0.012055 -0.000100 -0.038126 0.997497 -0.059554 11.645400 0.009793 0.059968 0.998152 -1.422300 0.000000 0.000000 0.000000 1.000000
0.996909 0.077686 0.011749 -0.000100 -0.076920 0.995484 -0.055629 11.645400 -0.016018 0.054554 0.998382 -1.422300 0.000000 0.000000 0.000000 1.000000</float_array><technique_common><accessor source="#mixamorig_Spine1-Matrix-animation-output-transform-array" count="28" stride="16"><param type="float4x4"/></accessor></technique_common></source><source id="mixamorig_Spine1-Interpolations"><Name_array id="mixamorig_Spine1-Interpolations-array" count="28">
 LINEAR LINEAR LINEAR LINEAR LINEAR LINEAR LINEAR LINEAR LINEAR LINEAR LINEAR
LINEAR LINEAR LINEAR LINEAR LINEAR LINEAR LINEAR LINEAR LINEAR LINEAR LINEAR LINEAR
LINEAR LINEAR LINEAR LINEAR LINEAR</Name_array><technique_common><accessor source="#mixamorig_Spine1-Interpolations-array" count="28"><param type="name"/></accessor></technique_common></source><sampler id="mixamorig_Spine1-Matrix-animation-transform"><input semantic="INPUT" source="#mixamorig_Spine1-Matrix-animation-input"/><input semantic="OUTPUT" source="#mixamorig_Spine1-Matrix-animation-output-transform"/><input semantic="INTERPOLATION" source="#mixamorig_Spine1-Interpolations"/></sampler><channel source="#mixamorig_Spine1-Matrix-animation-transform" target="mixamorig_Spine1/matrix"/></animation>
    <animation id="mixamorig_Spine2-anim" name="mixamorig_Spine2"><source id="mixamorig_Spine2-Matrix-animation-input"><float_array id="mixamorig_Spine2-Matrix-animation-input-array" count="28">

0.000000 0.033333 0.066667 0.100000 0.133333 0.166667 0.200000 0.233333 0.266667 0.300000 0.333333 0.366667 0.400000 0.433333 0.466667 0.500000
0.533333 0.566667 0.600000 0.633333 0.666667 0.700000 0.733333 0.766667 0.800000 0.833333 0.866667 0.900000</float_array><technique_common><accessor source="#mixamorig_Spine2-Matrix-animation-input-array" count="28"><param name="TIME" type="float"/></accessor></technique_common></source><source id="mixamorig_Spine2-Matrix-animation-output-transform"><float_array id="mixamorig_Spine2-Matrix-animation-output-transform-array" count="448">

0.996945 0.077178 0.012030 0.000100 -0.076382 0.995473 -0.056569 13.360200 -0.016342 0.055477 0.998326 -1.626500 0.000000 0.000000 0.000000 1.000000
0.992093 0.118222 0.042138 0.000100 -0.116176 0.992064 -0.048085 13.360200 -0.047488 0.042809 0.997954 -1.626500 0.000000 0.000000 0.000000 1.000000
0.988161 0.138705 0.065562 0.000100 -0.133846 0.988274 -0.073488 13.360200 -0.074986 0.063843 0.995139 -1.626500 0.000000 0.000000 0.000000 1.000000
0.990375 0.115213 0.076699 0.000100 -0.108718 0.990511 -0.084070 13.360200 -0.085657 0.074922 0.993504 -1.626500 0.000000 0.000000 0.000000 1.000000
0.993241 0.086845 0.077002 0.000100 -0.081531 0.994233 -0.069662 13.360200 -0.082607 0.062913 0.994594 -1.626500 0.000000 0.000000 0.000000 1.000000
0.995321 0.065154 0.071356 0.000100 -0.060766 0.996222 -0.062039 13.360200 -0.075129 0.057412 0.995520 -1.626500 0.000000 0.000000 0.000000 1.000000
0.996626 0.048902 0.065912 0.000100 -0.044748 0.997004 -0.063090 13.360200 -0.068800 0.059928 0.995829 -1.626500 0.000000 0.000000 0.000000 1.000000
0.997177 0.039516 0.063848 0.000100 -0.035390 0.997290 -0.064500 13.360200 -0.066224 0.062058 0.995873 -1.626500 0.000000 0.000000 0.000000 1.000000
0.997140 0.039250 0.064579 0.000100 -0.035407 0.997594 -0.059611 13.360200 -0.066763 0.057154 0.996131 -1.626500 0.000000 0.000000 0.000000 1.000000
0.997152 0.038062 0.065108 0.000100 -0.034550 0.997931 -0.054230 13.360200 -0.067038 0.051826 0.996404 -1.626500 0.000000 0.000000 0.000000 1.000000
0.997638 0.031179 0.061205 0.000100 -0.028403 0.998551 -0.045705 13.360200 -0.062541 0.043859 0.997078 -1.626500 0.000000 0.000000 0.000000 1.000000
0.998548 0.015841 0.051490 0.000100 -0.014173 0.999368 -0.032599 13.360200 -0.051973 0.031821 0.998141 -1.626500 0.000000 0.000000 0.000000 1.000000
0.999289 -0.004887 0.037375 0.000100 0.005565 0.999822 -0.018053 13.360200 -0.037280 0.018248 0.999138 -1.626500 0.000000 0.000000 0.000000 1.000000
0.999384 -0.027493 0.021795 0.000100 0.027721 0.999563 -0.010246 13.360200 -0.021503 0.010844 0.999710 -1.626500 0.000000 0.000000 0.000000 1.000000
0.998776 -0.048887 0.007569 0.000100 0.049007 0.998661 -0.016567 13.360200 -0.006749 0.016917 0.999834 -1.626500 0.000000 0.000000 0.000000 1.000000
0.997823 -0.065779 -0.004754 0.000100 0.065557 0.997150 -0.037326 13.360200 0.007196 0.036933 0.999292 -1.626500 0.000000 0.000000 0.000000 1.000000
0.997152 -0.073518 -0.016802 0.000100 0.072308 0.995337 -0.063848 13.360200 0.021417 0.062451 0.997818 -1.626500 0.000000 0.000000 0.000000 1.000000
0.997086 -0.069904 -0.030554 0.000100 0.067259 0.994492 -0.080385 13.360200 0.036005 0.078096 0.996295 -1.626500 0.000000 0.000000 0.000000 1.000000
0.997048 -0.061799 -0.045563 0.000100 0.058201 0.995371 -0.076475 13.360200 0.050079 0.073597 0.996030 -1.626500 0.000000 0.000000 0.000000 1.000000
0.996908 -0.051807 -0.059087 0.000100 0.047776 0.996560 -0.067712 13.360200 0.062391 0.064679 0.995954 -1.626500 0.000000 0.000000 0.000000 1.000000
0.996845 -0.043593 -0.066326 0.000100 0.038995 0.996846 -0.069116 13.360200 0.069130 0.066311 0.995401 -1.626500 0.000000 0.000000 0.000000 1.000000
0.997108 -0.035055 -0.067423 0.000100 0.029810 0.996563 -0.077295 13.360200 0.069901 0.075061 0.994726 -1.626500 0.000000 0.000000 0.000000 1.000000
0.997409 -0.033251 -0.063787 0.000100 0.027359 0.995464 -0.091123 13.360200 0.066528 0.089142 0.993795 -1.626500 0.000000 0.000000 0.000000 1.000000
0.997668 -0.037447 -0.057058 0.000100 0.031682 0.994604 -0.098787 13.360200 0.060450 0.096749 0.993471 -1.626500 0.000000 0.000000 0.000000 1.000000
0.998417 -0.030422 -0.047309 0.000100 0.026161 0.995758 -0.088211 13.360200 0.049792 0.086834 0.994978 -1.626500 0.000000 0.000000 0.000000 1.000000
0.999503 -0.003716 -0.031291 0.000100 0.001529 0.997572 -0.069625 13.360200 0.031474 0.069543 0.997082 -1.626500 0.000000 0.000000 0.000000 1.000000
0.999294 0.036170 -0.010199 0.000100 -0.036721 0.997506 -0.060276 13.360200 0.007993 0.060608 0.998130 -1.626500 0.000000 0.000000 0.000000 1.000000
0.996945 0.077178 0.012030 0.000100 -0.076382 0.995473 -0.056569 13.360200 -0.016342 0.055477 0.998326 -1.626500 0.000000 0.000000 0.000000 1.000000</float_array><technique_common><accessor source="#mixamorig_Spine2-Matrix-animation-output-transform-array" count="28" stride="16"><param type="float4x4"/></accessor></technique_common></source><source id="mixamorig_Spine2-Interpolations"><Name_array id="mixamorig_Spine2-Interpolations-array" count="28">
 LINEAR LINEAR LINEAR LINEAR LINEAR LINEAR LINEAR LINEAR LINEAR LINEAR LINEAR
LINEAR LINEAR LINEAR LINEAR LINEAR LINEAR LINEAR LINEAR LINEAR LINEAR LINEAR LINEAR
LINEAR LINEAR LINEAR LINEAR LINEAR</Name_array><technique_common><accessor source="#mixamorig_Spine2-Interpolations-array" count="28"><param type="name"/></accessor></technique_common></source><sampler id="mixamorig_Spine2-Matrix-animation-transform"><input semantic="INPUT" source="#mixamorig_Spine2-Matrix-animation-input"/><input semantic="OUTPUT" source="#mixamorig_Spine2-Matrix-animation-output-transform"/><input semantic="INTERPOLATION" source="#mixamorig_Spine2-Interpolations"/></sampler><channel source="#mixamorig_Spine2-Matrix-animation-transform" target="mixamorig_Spine2/matrix"/></animation>
    <animation id="mixamorig_Neck-anim" name="mixamorig_Neck"><source id="mixamorig_Neck-Matrix-animation-input"><float_array id="mixamorig_Neck-Matrix-animation-input-array" count="28">

0.000000 0.033333 0.066667 0.100000 0.133333 0.166667 0.200000 0.233333 0.266667 0.300000 0.333333 0.366667 0.400000 0.433333 0.466667 0.500000
0.533333 0.566667 0.600000 0.633333 0.666667 0.700000 0.733333 0.766667 0.800000 0.833333 0.866667 0.900000</float_array><technique_common><accessor source="#mixamorig_Neck-Matrix-animation-input-array" count="28"><param name="TIME" type="float"/></accessor></technique_common></source><source id="mixamorig_Neck-Matrix-animation-output-transform"><float_array id="mixamorig_Neck-Matrix-animation-output-transform-array" count="448">

0.999976 0.005700 0.004041 -0.000000 -0.004347 0.960371 -0.278692 15.032500 -0.005470 0.278668 0.960372 0.792900 0.000000 0.000000 0.000000 1.000000
0.997689 0.064827 -0.020337 -0.000000 -0.067805 0.969044 -0.237394 15.032500 0.004318 0.238224 0.971201 0.792900 0.000000 0.000000 0.000000 1.000000
0.990642 0.132375 -0.033250 0.000000 -0.135935 0.978801 -0.153200 15.032500 0.012266 0.156286 0.987636 0.792900 0.000000 0.000000 0.000000 1.000000
0.981499 0.190165 -0.022291 -0.000000 -0.190839 0.981049 -0.033512 15.032500 0.015495 0.037146 0.999190 0.792900 0.000000 0.000000 0.000000 1.000000
0.978861 0.204303 -0.009535 0.000000 -0.203460 0.977456 0.056417 15.032500 0.020846 -0.053284 0.998362 0.792900 0.000000 0.000000 0.000000 1.000000
0.984139 0.176683 -0.015897 0.000000 -0.175181 0.982055 0.069859 15.032500 0.027955 -0.065966 0.997430 0.792900 0.000000 0.000000 0.000000 1.000000
0.989970 0.138538 -0.027679 0.000000 -0.137022 0.989270 0.050703 15.032500 0.034406 -0.046401 0.998330 0.792900 0.000000 0.000000 0.000000 1.000000
0.992923 0.112206 -0.038902 0.000000 -0.111895 0.993669 0.010095 15.032500 0.039788 -0.005670 0.999192 0.792900 0.000000 0.000000 0.000000 1.000000
0.993826 0.100827 -0.046309 0.000000 -0.102046 0.994472 -0.024748 15.032500 0.043557 0.029321 0.998621 0.792900 0.000000 0.000000 0.000000 1.000000
0.994131 0.096268 -0.049358 0.000000 -0.098159 0.994467 -0.037422 15.032500 0.045482 0.042047 0.998080 0.792900 0.000000 0.000000 0.000000 1.000000
0.994875 0.088421 -0.049051 0.000000 -0.090371 0.995141 -0.039077 15.032500 0.045357 0.043309 0.998032 0.792900 0.000000 0.000000 0.000000 1.000000
0.996337 0.071604 -0.046748 0.000000 -0.073822 0.996136 -0.047580 15.032500 0.043160 0.050857 0.997773 0.792900 0.000000 0.000000 0.000000 1.000000
0.997817 0.049720 -0.043468 0.000000 -0.052476 0.996520 -0.064761 15.032500 0.040097 0.066901 0.996954 0.792900 0.000000 0.000000 0.000000 1.000000
0.998775 0.028761 -0.040270 -0.000000 -0.032032 0.996026 -0.083107 15.032500 0.037720 0.084295 0.995727 0.792900 0.000000 0.000000 0.000000 1.000000
0.999201 0.014663 -0.037192 0.000000 -0.018488 0.994335 -0.104669 15.032500 0.035447 0.105273 0.993811 0.792900 0.000000 0.000000 0.000000 1.000000
0.999397 0.013840 -0.031852 -0.000000 -0.017843 0.991481 -0.129023 15.032500 0.029795 0.129514 0.991130 0.792900 0.000000 0.000000 0.000000 1.000000
0.999386 0.027054 -0.022243 0.000000 -0.030219 0.987110 -0.157166 15.032500 0.017704 0.157742 0.987322 0.792900 0.000000 0.000000 0.000000 1.000000
0.999274 0.036847 -0.009672 0.000000 -0.037998 0.982204 -0.183933 15.032500 0.002722 0.184167 0.982891 0.792900 0.000000 0.000000 0.000000 1.000000
0.999901 0.013154 0.004916 0.000000 -0.011895 0.979448 -0.201346 15.032500 -0.007464 0.201268 0.979508 0.792900 0.000000 0.000000 0.000000 1.000000
0.999023 -0.036938 0.024261 0.000000 0.041351 0.975006 -0.218297 15.032500 -0.015591 0.219087 0.975581 0.792900 0.000000 0.000000 0.000000 1.000000
0.996797 -0.065645 0.045679 -0.000000 0.074841 0.967011 -0.243491 15.032500 -0.028189 0.246130 0.968827 0.792900 0.000000 0.000000 0.000000 1.000000
0.996787 -0.054432 0.058762 0.000000 0.068277 0.960996 -0.268002 15.032500 -0.041882 0.271153 0.961625 0.792900 0.000000 0.000000 0.000000 1.000000
0.997706 -0.033845 0.058629 -0.000000 0.048931 0.959029 -0.279049 15.032500 -0.046782 0.281278 0.958485 0.792900 0.000000 0.000000 0.000000 1.000000
0.998257 -0.027723 0.052097 0.000000 0.041555 0.957038 -0.286968 15.032500 -0.041903 0.288633 0.956522 0.792900 0.000000 0.000000 0.000000 1.000000
0.998735 -0.026576 0.042694 0.000000 0.037937 0.955446 -0.292719 15.032500 -0.033012 0.293968 0.955245 0.792900 0.000000 0.000000 0.000000 1.000000
0.999191 -0.025032 0.031481 -0.000000 0.033226 0.954813 -0.295343 15.032500 -0.022665 0.296150 0.954872 0.792900 0.000000 0.000000 0.000000 1.000000
0.999653 -0.017697 0.019511 0.000000 0.022652 0.955582 -0.293854 15.032500 -0.013444 0.294194 0.955651 0.792900 0.000000 0.000000 0.000000 1.000000
0.999976 0.005699 0.004041 0.000000 -0.004347 0.960371 -0.278692 15.032500 -0.005470 0.278668 0.960372 0.792900 0.000000 0.000000 0.000000 1.000000</float_array><technique_common><accessor source="#mixamorig_Neck-Matrix-animation-output-transform-array" count="28" stride="16"><param type="float4x4"/></accessor></technique_common></source><source id="mixamorig_Neck-Interpolations"><Name_array id="mixamorig_Neck-Interpolations-array" count="28">
 LINEAR LINEAR LINEAR LINEAR LINEAR LINEAR LINEAR LINEAR LINEAR LINEAR LINEAR
LINEAR LINEAR LINEAR LINEAR LINEAR LINEAR LINEAR LINEAR LINEAR LINEAR LINEAR LINEAR
LINEAR LINEAR LINEAR LINEAR LINEAR</Name_array><technique_common><accessor source="#mixamorig_Neck-Interpolations-array" count="28"><param type="name"/></accessor></technique_common></source><sampler id="mixamorig_Neck-Matrix-animation-transform"><input semantic="INPUT" source="#mixamorig_Neck-Matrix-animation-input"/><input semantic="OUTPUT" source="#mixamorig_Neck-Matrix-animation-output-transform"/><input semantic="INTERPOLATION" source="#mixamorig_Neck-Interpolations"/></sampler><channel source="#mixamorig_Neck-Matrix-animation-transform" target="mixamorig_Neck/matrix"/></animation>
    <animation id="mixamorig_Head-anim" name="mixamorig_Head"><source id="mixamorig_Head-Matrix-animation-input"><float_array id="mixamorig_Head-Matrix-animation-input-array" count="28">

0.000000 0.033333 0.066667 0.100000 0.133333 0.166667 0.200000 0.233333 0.266667 0.300000 0.333333 0.366667 0.400000 0.433333 0.466667 0.500000
0.533333 0.566667 0.600000 0.633333 0.666667 0.700000 0.733333 0.766667 0.800000 0.833333 0.866667 0.900000</float_array><technique_common><accessor source="#mixamorig_Head-Matrix-animation-input-array" count="28"><param name="TIME" type="float"/></accessor></technique_common></source><source id="mixamorig_Head-Matrix-animation-output-transform"><float_array id="mixamorig_Head-Matrix-animation-output-transform-array" count="448">

0.999199 0.039099 -0.008464 0.000000 -0.030714 0.885346 0.463917 10.321800 0.025633 -0.463286 0.885838 3.142400 0.000000 0.000000 0.000000 1.000000
0.984425 0.079131 -0.156990 0.000000 -0.019229 0.936081 0.351258 10.321800 0.174751 -0.342769 0.923023 3.142400 0.000000 0.000000 0.000000 1.000000
0.946090 0.045803 -0.320649 0.000000 0.007049 0.986805 0.161761 10.321800 0.323827 -0.155301 0.933283 3.142400 0.000000 0.000000 0.000000 1.000000
0.908961 -0.115335 -0.400609 0.000000 0.094098 0.992930 -0.072360 10.321800 0.406122 0.028076 0.913387 3.142400 0.000000 0.000000 0.000000 1.000000
0.894391 -0.247730 -0.372418 0.000000 0.178421 0.961102 -0.210827 10.321800 0.410160 0.122115 0.903801 3.142400 0.000000 0.000000 0.000000 1.000000
0.889634 -0.286901 -0.355300 0.000000 0.218440 0.950581 -0.220633 10.321800 0.401042 0.118671 0.908341 3.142400 0.000000 0.000000 0.000000 1.000000
0.886479 -0.302638 -0.350092 0.000000 0.234712 0.946028 -0.223475 10.321800 0.398829 0.115935 0.909667 3.142400 0.000000 0.000000 0.000000 1.000000
0.871309 -0.327217 -0.365719 0.000000 0.251473 0.937677 -0.239839 10.321800 0.421406 0.117005 0.899292 3.142400 0.000000 0.000000 0.000000 1.000000
0.854903 -0.344186 -0.388172 0.000000 0.261801 0.932188 -0.249970 10.321800 0.447886 0.112077 0.887038 3.142400 0.000000 0.000000 0.000000 1.000000
0.852751 -0.338077 -0.398144 0.000000 0.258195 0.935466 -0.241327 10.321800 0.454038 0.102993 0.885010 3.142400 0.000000 0.000000 0.000000 1.000000
0.868017 -0.310070 -0.387819 0.000000 0.241697 0.946124 -0.215481 10.321800 0.433739 0.093307 0.896194 3.142400 0.000000 0.000000 0.000000 1.000000
0.894509 -0.266988 -0.358567 0.000000 0.214480 0.960039 -0.179786 10.321800 0.392239 0.083915 0.916028 3.142400 0.000000 0.000000 0.000000 1.000000
0.923998 -0.212585 -0.317861 0.000000 0.176332 0.974449 -0.139127 10.321800 0.339316 0.072503 0.937874 3.142400 0.000000 0.000000 0.000000 1.000000
0.949018 -0.153564 -0.275288 0.000000 0.131010 0.986462 -0.098640 10.321800 0.286708 0.057545 0.956288 3.142400 0.000000 0.000000 0.000000 1.000000
0.966321 -0.096535 -0.238548 0.000000 0.083372 0.994417 -0.064690 10.321800 0.243461 0.042623 0.968974 3.142400 0.000000 0.000000 0.000000 1.000000
0.978387 -0.043902 -0.202067 0.000000 0.034028 0.998063 -0.052083 10.321800 0.203962 0.044081 0.977986 3.142400 0.000000 0.000000 0.000000 1.000000
0.988070 0.005103 -0.153921 0.000000 -0.013931 0.998315 -0.056329 10.321800 0.153374 0.057801 0.986476 3.142400 0.000000 0.000000 0.000000 1.000000
0.995492 0.040416 -0.085803 0.000000 -0.044402 0.997996 -0.045072 10.321800 0.083810 0.048679 0.995292 3.142400 0.000000 0.000000 0.000000 1.000000
0.999101 0.041821 0.006937 0.000000 -0.041875 0.999092 0.007889 10.321800 -0.006600 -0.008172 0.999945 3.142400 0.000000 0.000000 0.000000 1.000000
0.993800 0.001111 0.111175 0.000000 -0.011298 0.995783 0.091047 10.321800 -0.110605 -0.091738 0.989621 3.142400 0.000000 0.000000 0.000000 1.000000
0.978617 -0.034800 0.202725 0.000000 0.001101 0.986456 0.164022 10.321800 -0.205687 -0.160292 0.965401 3.142400 0.000000 0.000000 0.000000 1.000000
0.962465 -0.007852 0.271292 -0.000000 -0.046235 0.980227 0.192399 10.321800 -0.267439 -0.197720 0.943071 3.142400 0.000000 0.000000 0.000000 1.000000
0.958002 0.034258 0.284706 0.000000 -0.096671 0.973304 0.208170 10.321800 -0.269974 -0.226950 0.935739 3.142400 0.000000 0.000000 0.000000 1.000000
0.966019 0.043347 0.254810 -0.000000 -0.113858 0.956400 0.268954 10.321800 -0.232041 -0.288826 0.928836 3.142400 0.000000 0.000000 0.000000 1.000000
0.977810 0.040157 0.205609 -0.000000 -0.110718 0.932248 0.344464 10.321800 -0.177846 -0.359585 0.916007 3.142400 0.000000 0.000000 0.000000 1.000000
0.988940 0.033700 0.144440 0.000000 -0.091612 0.904660 0.416169 10.321800 -0.116644 -0.424799 0.897742 3.142400 0.000000 0.000000 0.000000 1.000000
0.996335 0.032070 0.079293 0.000000 -0.065551 0.881818 0.467013 10.321800 -0.054944 -0.470499 0.880688 3.142400 0.000000 0.000000 0.000000 1.000000
0.999199 0.039099 -0.008464 0.000000 -0.030714 0.885346 0.463917 10.321800 0.025633 -0.463286 0.885838 3.142400 0.000000 0.000000 0.000000 1.000000</float_array><technique_common><accessor source="#mixamorig_Head-Matrix-animation-output-transform-array" count="28" stride="16"><param type="float4x4"/></accessor></technique_common></source><source id="mixamorig_Head-Interpolations"><Name_array id="mixamorig_Head-Interpolations-array" count="28">
 LINEAR LINEAR LINEAR LINEAR LINEAR LINEAR LINEAR LINEAR LINEAR LINEAR LINEAR
LINEAR LINEAR LINEAR LINEAR LINEAR LINEAR LINEAR LINEAR LINEAR LINEAR LINEAR LINEAR
LINEAR LINEAR LINEAR LINEAR LINEAR</Name_array><technique_common><accessor source="#mixamorig_Head-Interpolations-array" count="28"><param type="name"/></accessor></technique_common></source><sampler id="mixamorig_Head-Matrix-animation-transform"><input semantic="INPUT" source="#mixamorig_Head-Matrix-animation-input"/><input semantic="OUTPUT" source="#mixamorig_Head-Matrix-animation-output-transform"/><input semantic="INTERPOLATION" source="#mixamorig_Head-Interpolations"/></sampler><channel source="#mixamorig_Head-Matrix-animation-transform" target="mixamorig_Head/matrix"/></animation>
    <animation id="mixamorig_LeftShoulder-anim" name="mixamorig_LeftShoulder"><source id="mixamorig_LeftShoulder-Matrix-animation-input"><float_array id="mixamorig_LeftShoulder-Matrix-animation-input-array" count="28">

0.000000 0.033333 0.066667 0.100000 0.133333 0.166667 0.200000 0.233333 0.266667 0.300000 0.333333 0.366667 0.400000 0.433333 0.466667 0.500000
0.533333 0.566667 0.600000 0.633333 0.666667 0.700000 0.733333 0.766667 0.800000 0.833333 0.866667 0.900000</float_array><technique_common><accessor source="#mixamorig_LeftShoulder-Matrix-animation-input-array" count="28"><param name="TIME" type="float"/></accessor></technique_common></source><source id="mixamorig_LeftShoulder-Matrix-animation-output-transform"><float_array id="mixamorig_LeftShoulder-Matrix-animation-output-transform-array" count="448">

0.992309 -0.098079 -0.075520 6.105800 0.096974 0.995121 -0.018175 9.110400 0.076934 0.010712 0.996979 0.705600 0.000000 0.000000 0.000000 1.000000
0.996058 -0.088641 0.003347 6.105800 0.088673 0.996000 -0.011034 9.110400 -0.002356 0.011287 0.999934 0.705600 0.000000 0.000000 0.000000 1.000000
0.994027 -0.044556 0.099622 6.105800 0.044903 0.998991 -0.001246 9.110400 -0.099466 0.005711 0.995025 0.705600 0.000000 0.000000 0.000000 1.000000
0.984941 0.002182 0.172875 6.105800 -0.003285 0.999976 0.006098 9.110400 -0.172857 -0.006574 0.984925 0.705600 0.000000 0.000000 0.000000 1.000000
0.977295 0.036484 0.208719 6.105800 -0.038819 0.999221 0.007100 9.110400 -0.208297 -0.015041 0.977950 0.705600 0.000000 0.000000 0.000000 1.000000
0.974752 0.042357 0.219234 6.105800 -0.045032 0.998959 0.007215 9.110400 -0.218701 -0.016906 0.975646 0.705600 0.000000 0.000000 0.000000 1.000000
0.975330 0.044041 0.216314 6.105800 -0.046614 0.998890 0.006805 9.110400 -0.215774 -0.016720 0.976300 0.705600 0.000000 0.000000 0.000000 1.000000
0.980724 0.038043 0.191658 6.105800 -0.039950 0.999183 0.006096 9.110400 -0.191270 -0.013635 0.981443 0.705600 0.000000 0.000000 0.000000 1.000000
0.986261 0.028751 0.162672 6.105800 -0.030012 0.999535 0.005298 9.110400 -0.162445 -0.010108 0.986666 0.705600 0.000000 0.000000 0.000000 1.000000
0.989538 0.021810 0.142615 6.105800 -0.022701 0.999732 0.004627 9.110400 -0.142476 -0.007816 0.989767 0.705600 0.000000 0.000000 0.000000 1.000000
0.991372 0.014834 0.130235 6.105800 -0.015539 0.999870 0.004397 9.110400 -0.130153 -0.006382 0.991473 0.705600 0.000000 0.000000 0.000000 1.000000
0.992803 0.002594 0.119727 6.105800 -0.003180 0.999984 0.004704 9.110400 -0.119713 -0.005051 0.992796 0.705600 0.000000 0.000000 0.000000 1.000000
0.993856 -0.015876 0.109541 6.105800 0.015372 0.999867 0.005442 9.110400 -0.109613 -0.003725 0.993967 0.705600 0.000000 0.000000 0.000000 1.000000
0.993404 -0.044030 0.105873 6.105800 0.043485 0.999026 0.007458 9.110400 -0.106099 -0.002805 0.994352 0.705600 0.000000 0.000000 0.000000 1.000000
0.989573 -0.097722 0.105806 6.105800 0.097023 0.995213 0.011750 9.110400 -0.106447 -0.001362 0.994317 0.705600 0.000000 0.000000 0.000000 1.000000
0.983611 -0.153074 0.095280 6.105800 0.152436 0.988214 0.013979 9.110400 -0.096297 0.000774 0.995352 0.705600 0.000000 0.000000 0.000000 1.000000
0.983410 -0.168267 0.067763 6.105800 0.168001 0.985740 0.009646 9.110400 -0.068420 0.001898 0.997655 0.705600 0.000000 0.000000 0.000000 1.000000
0.986071 -0.163766 0.029082 6.105800 0.163765 0.986496 0.002427 9.110400 -0.029087 0.002370 0.999574 0.705600 0.000000 0.000000 0.000000 1.000000
