<?xml version="1.0" encoding="utf-8"?>
<COLLADA xmlns="http://www.collada.org/2005/11/COLLADASchema" version="1.4.1">
  <asset><contributor><author>Mixamo</author><authoring_tool>COLLADA Mixamo exporter</authoring_tool><comments></comments></contributor><created>2018-10-12T12:22:50Z</created><modified>2018-10-12T12:22:50Z</modified><revision></revision><title></title><unit meter="0.010000"/><up_axis>Y_UP</up_axis></asset>
  <library_animations>
    <animation id="mixamorig_Hips-anim" name="mixamorig_Hips"><source id="mixamorig_Hips-Matrix-animation-input"><float_array id="mixamorig_Hips-Matrix-animation-input-array" count="45">

0.000000 0.033333 0.066667 0.100000 0.133333 0.166667 0.200000 0.233333 0.266667 0.300000 0.333333 0.366667 0.400000 0.433333 0.466667 0.500000
0.533333 0.566667 0.600000 0.633333 0.666667 0.700000 0.733333 0.766667 0.800000 0.833333 0.866667 0.900000 0.933333 0.966667 1.000000 1.033333
1.066667 1.100000 1.133333 1.166667 1.200000 1.233333 1.266667 1.300000 1.333333 1.366667 1.400000 1.433333 1.466667</float_array><technique_common><accessor source="#mixamorig_Hips-Matrix-animation-input-array" count="45"><param name="TIME" type="float"/></accessor></technique_common></source><source id="mixamorig_Hips-Matrix-animation-output-transform"><float_array id="mixamorig_Hips-Matrix-animation-output-transform-array" count="720">

0.834168 -0.057548 0.548499 0.222468 0.065652 0.997831 0.004848 97.592461 -0.547588 0.031966 0.836137 -0.148675 0.000000 0.000000 0.000000 1.000000
0.833109 -0.060737 0.549764 0.375709 0.071061 0.997469 0.002513 97.667908 -0.548525 0.036973 0.835317 0.354092 0.000000 0.000000 0.000000 1.000000
0.831738 -0.063809 0.551489 0.594168 0.075729 0.997128 0.001159 97.724075 -0.549979 0.040800 0.834181 0.855015 0.000000 0.000000 0.000000 1.000000
0.829894 -0.066756 0.553912 0.881724 0.079565 0.996829 0.000927 97.770256 -0.552218 0.043303 0.832574 1.347550 0.000000 0.000000 0.000000 1.000000
0.827121 -0.069193 0.557749 1.262744 0.080416 0.996752 0.004400 97.757713 -0.556241 0.041213 0.829998 1.832632 0.000000 0.000000 0.000000 1.000000
0.825932 -0.070735 0.559314 1.763759 0.079756 0.996780 0.008286 97.722130 -0.558099 0.037765 0.828914 2.269450 0.000000 0.000000 0.000000 1.000000
0.825403 -0.070824 0.560083 2.368743 0.077353 0.996931 0.012067 97.691078 -0.559219 0.033364 0.828348 2.613383 0.000000 0.000000 0.000000 1.000000
0.824825 -0.069362 0.561117 3.051162 0.073616 0.997173 0.015052 97.619865 -0.560575 0.028891 0.827600 2.822651 0.000000 0.000000 0.000000 1.000000
0.824916 -0.066439 0.561338 3.814171 0.069224 0.997467 0.016331 97.366707 -0.561001 0.025386 0.827426 2.883638 0.000000 0.000000 0.000000 1.000000
0.827299 -0.063110 0.558206 4.678719 0.066161 0.997700 0.014743 96.977509 -0.557853 0.024735 0.829571 2.782578 0.000000 0.000000 0.000000 1.000000
0.832392 -0.059915 0.550939 5.644532 0.064889 0.997837 0.010477 96.609962 -0.550375 0.027029 0.834480 2.471808 0.000000 0.000000 0.000000 1.000000
0.838029 -0.058324 0.542499 6.679102 0.065797 0.997817 0.005636 96.325104 -0.541644 0.030972 0.840037 1.964590 0.000000 0.000000 0.000000 1.000000
0.841417 -0.058925 0.537165 7.721941 0.067991 0.997682 0.002940 96.151520 -0.536092 0.034049 0.843472 1.322867 0.000000 0.000000 0.000000 1.000000
0.842128 -0.059832 0.535949 8.707341 0.069136 0.997603 0.002737 96.133545 -0.534828 0.034748 0.844246 0.636322 0.000000 0.000000 0.000000 1.000000
0.842204 -0.058168 0.536012 9.619509 0.067129 0.997740 0.002799 96.304688 -0.534964 0.033624 0.844206 -0.002566 0.000000 0.000000 0.000000 1.000000
0.843663 -0.053942 0.534157 10.456032 0.062892 0.998019 0.001453 96.596428 -0.533177 0.032368 0.845384 -0.494946 0.000000 0.000000 0.000000 1.000000
0.847140 -0.048191 0.529180 11.178505 0.057196 0.998363 -0.000644 96.891304 -0.528283 0.030812 0.848509 -0.780300 0.000000 0.000000 0.000000 1.000000
0.852330 -0.040758 0.521413 11.753551 0.048867 0.998804 -0.001805 97.145462 -0.520716 0.027018 0.853302 -0.855748 0.000000 0.000000 0.000000 1.000000
0.858038 -0.032788 0.512539 12.178633 0.038676 0.999251 -0.000823 97.341278 -0.512128 0.020529 0.858664 -0.763867 0.000000 0.000000 0.000000 1.000000
0.862413 -0.027105 0.505480 12.488380 0.030111 0.999544 0.002225 97.449738 -0.505310 0.013301 0.862836 -0.517879 0.000000 0.000000 0.000000 1.000000
0.864190 -0.024354 0.502576 12.722334 0.024672 0.999677 0.006019 97.471863 -0.502560 0.007198 0.864512 -0.168601 0.000000 0.000000 0.000000 1.000000
0.863412 -0.023493 0.503953 12.894887 0.021684 0.999720 0.009453 97.434242 -0.504034 0.002766 0.863680 0.239441 0.000000 0.000000 0.000000 1.000000
0.861546 -0.023885 0.507118 12.993560 0.020419 0.999715 0.012396 97.363701 -0.507269 -0.000325 0.861788 0.684411 0.000000 0.000000 0.000000 1.000000
0.860719 -0.025207 0.508455 13.011544 0.020732 0.999680 0.014463 97.265747 -0.508657 -0.001907 0.860967 1.149145 0.000000 0.000000 0.000000 1.000000
0.862142 -0.026900 0.505953 12.957292 0.022392 0.999637 0.014992 97.149605 -0.506172 -0.001595 0.862431 1.614552 0.000000 0.000000 0.000000 1.000000
0.865393 -0.028636 0.500275 12.836814 0.024682 0.999590 0.014521 97.039795 -0.500485 -0.000219 0.865745 2.067620 0.000000 0.000000 0.000000 1.000000
0.869512 -0.031201 0.492926 12.636850 0.027569 0.999513 0.014634 96.947617 -0.493142 0.000865 0.869948 2.499654 0.000000 0.000000 0.000000 1.000000
0.874023 -0.035463 0.484588 12.339409 0.031711 0.999370 0.015940 96.853630 -0.484848 0.001435 0.874597 2.885618 0.000000 0.000000 0.000000 1.000000
0.878715 -0.040861 0.475595 11.940771 0.037072 0.999162 0.017348 96.740440 -0.475905 0.002388 0.879493 3.186279 0.000000 0.000000 0.000000 1.000000
0.883277 -0.046095 0.466580 11.446107 0.042683 0.998929 0.017885 96.615532 -0.466905 0.004118 0.884298 3.374364 0.000000 0.000000 0.000000 1.000000
0.887523 -0.050847 0.457949 10.858152 0.048068 0.998687 0.017729 96.482788 -0.458249 0.006278 0.888802 3.431747 0.000000 0.000000 0.000000 1.000000
0.891411 -0.055363 0.449802 10.172453 0.053497 0.998425 0.016869 96.326973 -0.450027 0.009026 0.892969 3.330917 0.000000 0.000000 0.000000 1.000000
0.894848 -0.058874 0.442472 9.380299 0.058746 0.998175 0.014008 96.138885 -0.442489 0.013458 0.896673 3.033888 0.000000 0.000000 0.000000 1.000000
0.897541 -0.058789 0.436994 8.470217 0.061484 0.998076 0.007989 95.931908 -0.436623 0.019698 0.899429 2.505804 0.000000 0.000000 0.000000 1.000000
0.898544 -0.051985 0.435794 7.444426 0.057711 0.998333 0.000098 95.734749 -0.435073 0.025062 0.900046 1.778175 0.000000 0.000000 0.000000 1.000000
0.896061 -0.038527 0.442256 6.349971 0.045975 0.998924 -0.006130 95.580582 -0.441544 0.025825 0.896868 0.923519 0.000000 0.000000 0.000000 1.000000
0.888626 -0.023052 0.458052 5.213964 0.029885 0.999524 -0.007675 95.507668 -0.457657 0.020509 0.888892 0.092841 0.000000 0.000000 0.000000 1.000000
0.877642 -0.010419 0.479204 4.100307 0.013838 0.999898 -0.003602 95.472038 -0.479118 0.009792 0.877696 -0.542318 0.000000 0.000000 0.000000 1.000000
0.866670 -0.008071 0.498817 3.100816 0.006617 0.999967 0.004683 95.593262 -0.498838 -0.000758 0.866695 -1.004431 0.000000 0.000000 0.000000 1.000000
0.857378 -0.018545 0.514353 2.256202 0.013938 0.999821 0.012815 95.959839 -0.514498 -0.003818 0.857483 -1.332484 0.000000 0.000000 0.000000 1.000000
0.848562 -0.035456 0.527906 1.566809 0.031146 0.999369 0.017056 96.478279 -0.528178 0.001969 0.849131 -1.457077 0.000000 0.000000 0.000000 1.000000
0.841389 -0.044509 0.538593 1.067029 0.042012 0.998974 0.016923 96.916557 -0.538794 0.008388 0.842396 -1.352243 0.000000 0.000000 0.000000 1.000000
0.836941 -0.049116 0.545085 0.695816 0.049723 0.998670 0.013641 97.240204 -0.545030 0.015686 0.838270 -1.092757 0.000000 0.000000 0.000000 1.000000
0.835679 -0.052605 0.546693 0.438456 0.056551 0.998353 0.009621 97.420288 -0.546299 0.022876 0.837278 -0.749924 0.000000 0.000000 0.000000 1.000000
0.834653 -0.055920 0.547930 0.280831 0.062725 0.998011 0.006305 97.544006 -0.547193 0.029106 0.836500 -0.358770 0.000000 0.000000 0.000000 1.000000</float_array><technique_common><accessor source="#mixamorig_Hips-Matrix-animation-output-transform-array" count="45" stride="16"><param type="float4x4"/></accessor></technique_common></source><source id="mixamorig_Hips-Interpolations"><Name_array id="mixamorig_Hips-Interpolations-array" count="45">
 LINEAR LINEAR LINEAR LINEAR LINEAR LINEAR LINEAR LINEAR LINEAR LINEAR LINEAR
LINEAR LINEAR LINEAR LINEAR LINEAR LINEAR LINEAR LINEAR LINEAR LINEAR LINEAR LINEAR
LINEAR LINEAR LINEAR LINEAR LINEAR LINEAR LINEAR LINEAR LINEAR LINEAR LINEAR LINEAR
LINEAR LINEAR LINEAR LINEAR LINEAR LINEAR LINEAR LINEAR LINEAR LINEAR</Name_array><technique_common><accessor source="#mixamorig_Hips-Interpolations-array" count="45"><param type="name"/></accessor></technique_common></source><sampler id="mixamorig_Hips-Matrix-animation-transform"><input semantic="INPUT" source="#mixamorig_Hips-Matrix-animation-input"/><input semantic="OUTPUT" source="#mixamorig_Hips-Matrix-animation-output-transform"/><input semantic="INTERPOLATION" source="#mixamorig_Hips-Interpolations"/></sampler><channel source="#mixamorig_Hips-Matrix-animation-transform" target="mixamorig_Hips/matrix"/></animation>
    <animation id="mixamorig_Spine-anim" name="mixamorig_Spine"><source id="mixamorig_Spine-Matrix-animation-input"><float_array id="mixamorig_Spine-Matrix-animation-input-array" count="45">

0.000000 0.033333 0.066667 0.100000 0.133333 0.166667 0.200000 0.233333 0.266667 0.300000 0.333333 0.366667 0.400000 0.433333 0.466667 0.500000
0.533333 0.566667 0.600000 0.633333 0.666667 0.700000 0.733333 0.766667 0.800000 0.833333 0.866667 0.900000 0.933333 0.966667 1.000000 1.033333
1.066667 1.100000 1.133333 1.166667 1.200000 1.233333 1.266667 1.300000 1.333333 1.366667 1.400000 1.433333 1.466667</float_array><technique_common><accessor source="#mixamorig_Spine-Matrix-animation-input-array" count="45"><param name="TIME" type="float"/></accessor></technique_common></source><source id="mixamorig_Spine-Matrix-animation-output-transform"><float_array id="mixamorig_Spine-Matrix-animation-output-transform-array" count="720">

0.998198 0.012264 0.058740 0.000000 -0.010016 0.999211 -0.038424 9.923500 -0.059165 0.037766 0.997534 -1.227300 0.000000 0.000000 0.000000 1.000000
0.997968 0.016037 0.061660 0.000000 -0.013633 0.999138 -0.039211 9.923500 -0.062236 0.038291 0.997327 -1.227300 0.000000 0.000000 0.000000 1.000000
0.997766 0.019743 0.063826 -0.000000 -0.017237 0.999067 -0.039590 9.923500 -0.064548 0.038401 0.997175 -1.227300 0.000000 0.000000 0.000000 1.000000
0.997610 0.023151 0.065095 0.000000 -0.020617 0.999013 -0.039338 9.923500 -0.065942 0.037902 0.997103 -1.227300 0.000000 0.000000 0.000000 1.000000
0.997524 0.025807 0.065424 -0.000000 -0.023338 0.998996 -0.038232 9.923500 -0.066345 0.036611 0.997125 -1.227300 0.000000 0.000000 0.000000 1.000000
0.997502 0.027562 0.065040 -0.000000 -0.025240 0.999024 -0.036250 9.923500 -0.065976 0.034518 0.997224 -1.227300 0.000000 0.000000 0.000000 1.000000
0.997529 0.028257 0.064330 0.000000 -0.026134 0.999094 -0.033601 9.923500 -0.065221 0.031837 0.997363 -1.227300 0.000000 0.000000 0.000000 1.000000
0.997576 0.027978 0.063719 -0.000000 -0.026060 0.999188 -0.030743 9.923500 -0.064528 0.029008 0.997494 -1.227300 0.000000 0.000000 0.000000 1.000000
0.997613 0.027093 0.063517 0.000000 -0.025339 0.999280 -0.028252 9.923500 -0.064237 0.026575 0.997581 -1.227300 0.000000 0.000000 0.000000 1.000000
0.997623 0.026171 0.063751 -0.000000 -0.024515 0.999345 -0.026633 9.923500 -0.064406 0.025007 0.997610 -1.227300 0.000000 0.000000 0.000000 1.000000
0.997605 0.025782 0.064187 0.000000 -0.024147 0.999367 -0.026119 9.923500 -0.064820 0.024506 0.997596 -1.227300 0.000000 0.000000 0.000000 1.000000
0.997570 0.026358 0.064494 0.000000 -0.024685 0.999341 -0.026601 9.923500 -0.065152 0.024944 0.997564 -1.227300 0.000000 0.000000 0.000000 1.000000
0.997524 0.028142 0.064446 0.000000 -0.026401 0.999267 -0.027716 9.923500 -0.065179 0.025946 0.997536 -1.227300 0.000000 0.000000 0.000000 1.000000
0.997468 0.030974 0.064025 0.000000 -0.029162 0.999153 -0.029045 9.923500 -0.064870 0.027104 0.997526 -1.227300 0.000000 0.000000 0.000000 1.000000
0.997420 0.033526 0.063475 0.000000 -0.031656 0.999041 -0.030239 9.923500 -0.064428 0.028152 0.997525 -1.227300 0.000000 0.000000 0.000000 1.000000
0.997374 0.035484 0.063142 -0.000000 -0.033566 0.998950 -0.031178 9.923500 -0.064182 0.028977 0.997517 -1.227300 0.000000 0.000000 0.000000 1.000000
0.997327 0.036437 0.063332 0.000000 -0.034466 0.998895 -0.031936 9.923500 -0.064426 0.029667 0.997481 -1.227300 0.000000 0.000000 0.000000 1.000000
0.997314 0.035261 0.064192 -0.000000 -0.033213 0.998913 -0.032705 9.923500 -0.065275 0.030485 0.997402 -1.227300 0.000000 0.000000 0.000000 1.000000
0.997332 0.032300 0.065464 0.000000 -0.030151 0.998982 -0.033547 9.923500 -0.066481 0.031484 0.997291 -1.227300 0.000000 0.000000 0.000000 1.000000
0.997374 0.028347 0.066649 -0.000000 -0.026096 0.999067 -0.034403 9.923500 -0.067562 0.032574 0.997183 -1.227300 0.000000 0.000000 0.000000 1.000000
0.997437 0.024217 0.067328 0.000000 -0.021889 0.999144 -0.035093 9.923500 -0.068121 0.033529 0.997114 -1.227300 0.000000 0.000000 0.000000 1.000000
0.997521 0.020312 0.067375 -0.000000 -0.017955 0.999212 -0.035404 9.923500 -0.068041 0.034107 0.997099 -1.227300 0.000000 0.000000 0.000000 1.000000
0.997609 0.017253 0.066923 -0.000000 -0.014921 0.999269 -0.035202 9.923500 -0.067481 0.034119 0.997137 -1.227300 0.000000 0.000000 0.000000 1.000000
0.997683 0.015237 0.066313 -0.000000 -0.012974 0.999323 -0.034434 9.923500 -0.066793 0.033494 0.997205 -1.227300 0.000000 0.000000 0.000000 1.000000
0.997724 0.014190 0.065914 0.000000 -0.012023 0.999378 -0.033155 9.923500 -0.066344 0.032287 0.997274 -1.227300 0.000000 0.000000 0.000000 1.000000
0.997725 0.013961 0.065960 0.000000 -0.011902 0.999433 -0.031503 9.923500 -0.066363 0.030646 0.997325 -1.227300 0.000000 0.000000 0.000000 1.000000
0.997681 0.014528 0.066492 0.000000 -0.012577 0.999481 -0.029669 9.923500 -0.066888 0.028764 0.997346 -1.227300 0.000000 0.000000 0.000000 1.000000
0.997599 0.015963 0.067393 -0.000000 -0.014112 0.999512 -0.027857 9.923500 -0.067805 0.026839 0.997338 -1.227300 0.000000 0.000000 0.000000 1.000000
0.997483 0.018336 0.068488 0.000000 -0.016570 0.999518 -0.026254 9.923500 -0.068936 0.025053 0.997306 -1.227300 0.000000 0.000000 0.000000 1.000000
0.997344 0.021389 0.069626 -0.000000 -0.019689 0.999493 -0.025012 9.923500 -0.070126 0.023575 0.997260 -1.227300 0.000000 0.000000 0.000000 1.000000
0.997198 0.024417 0.070709 0.000000 -0.022755 0.999448 -0.024226 9.923500 -0.071261 0.022549 0.997203 -1.227300 0.000000 0.000000 0.000000 1.000000
0.997082 0.026270 0.071674 0.000000 -0.024611 0.999411 -0.023921 9.923500 -0.072260 0.022087 0.997141 -1.227300 0.000000 0.000000 0.000000 1.000000
0.997038 0.025783 0.072466 0.000000 -0.024096 0.999420 -0.024059 9.923500 -0.073044 0.022241 0.997081 -1.227300 0.000000 0.000000 0.000000 1.000000
0.997089 0.022180 0.072951 -0.000000 -0.020438 0.999490 -0.024542 9.923500 -0.073458 0.022979 0.997034 -1.227300 0.000000 0.000000 0.000000 1.000000
0.997227 0.015125 0.072860 0.000000 -0.013316 0.999593 -0.025245 9.923500 -0.073213 0.024204 0.997023 -1.227300 0.000000 0.000000 0.000000 1.000000
0.997396 0.005607 0.071898 0.000000 -0.003741 0.999653 -0.026057 9.923500 -0.072019 0.025720 0.997072 -1.227300 0.000000 0.000000 0.000000 1.000000
0.997553 -0.004182 0.069783 0.000000 0.006083 0.999615 -0.027055 9.923500 -0.069643 0.027414 0.997195 -1.227300 0.000000 0.000000 0.000000 1.000000
0.997692 -0.013069 0.066628 -0.000000 0.014981 0.999488 -0.028279 9.923500 -0.066225 0.029212 0.997377 -1.227300 0.000000 0.000000 0.000000 1.000000
0.997868 -0.017711 0.062811 -0.000000 0.019606 0.999367 -0.029684 9.923500 -0.062246 0.030852 0.997584 -1.227300 0.000000 0.000000 0.000000 1.000000
0.998113 -0.017362 0.058890 0.000000 0.019229 0.999325 -0.031290 9.923500 -0.058307 0.032363 0.997774 -1.227300 0.000000 0.000000 0.000000 1.000000
0.998368 -0.012916 0.055630 -0.000000 0.014766 0.999347 -0.032967 9.923500 -0.055168 0.033734 0.997907 -1.227300 0.000000 0.000000 0.000000 1.000000
0.998541 -0.006337 0.053627 0.000000 0.008203 0.999366 -0.034642 9.923500 -0.053373 0.035031 0.997960 -1.227300 0.000000 0.000000 0.000000 1.000000
0.998581 0.000532 0.053259 0.000000 0.001394 0.999347 -0.036105 9.923500 -0.053243 0.036128 0.997928 -1.227300 0.000000 0.000000 0.000000 1.000000
0.998493 0.006517 0.054496 0.000000 -0.004489 0.999296 -0.037249 9.923500 -0.054701 0.036949 0.997819 -1.227300 0.000000 0.000000 0.000000 1.000000
0.998314 0.010887 0.057013 -0.000000 -0.008721 0.999236 -0.038108 9.923500 -0.057384 0.037546 0.997646 -1.227300 0.000000 0.000000 0.000000 1.000000</float_array><technique_common><accessor source="#mixamorig_Spine-Matrix-animation-output-transform-array" count="45" stride="16"><param type="float4x4"/></accessor></technique_common></source><source id="mixamorig_Spine-Interpolations"><Name_array id="mixamorig_Spine-Interpolations-array" count="45">
 LINEAR LINEAR LINEAR LINEAR LINEAR LINEAR LINEAR LINEAR LINEAR LINEAR LINEAR
LINEAR LINEAR LINEAR LINEAR LINEAR LINEAR LINEAR LINEAR LINEAR LINEAR LINEAR LINEAR
LINEAR LINEAR LINEAR LINEAR LINEAR LINEAR LINEAR LINEAR LINEAR LINEAR LINEAR LINEAR
LINEAR LINEAR LINEAR LINEAR LINEAR LINEAR LINEAR LINEAR LINEAR LINEAR</Name_array><technique_common><accessor source="#mixamorig_Spine-Interpolations-array" count="45"><param type="name"/></accessor></technique_common></source><sampler id="mixamorig_Spine-Matrix-animation-transform"><input semantic="INPUT" source="#mixamorig_Spine-Matrix-animation-input"/><input semantic="OUTPUT" source="#mixamorig_Spine-Matrix-animation-output-transform"/><input semantic="INTERPOLATION" source="#mixamorig_Spine-Interpolations"/></sampler><channel source="#mixamorig_Spine-Matrix-animation-transform" target="mixamorig_Spine/matrix"/></animation>
    <animation id="mixamorig_Spine1-anim" name="mixamorig_Spine1"><source id="mixamorig_Spine1-Matrix-animation-input"><float_array id="mixamorig_Spine1-Matrix-animation-input-array" count="45">

0.000000 0.033333 0.066667 0.100000 0.133333 0.166667 0.200000 0.233333 0.266667 0.300000 0.333333 0.366667 0.400000 0.433333 0.466667 0.500000
0.533333 0.566667 0.600000 0.633333 0.666667 0.700000 0.733333 0.766667 0.800000 0.833333 0.866667 0.900000 0.933333 0.966667 1.000000 1.033333
1.066667 1.100000 1.133333 1.166667 1.200000 1.233333 1.266667 1.300000 1.333333 1.366667 1.400000 1.433333 1.466667</float_array><technique_common><accessor source="#mixamorig_Spine1-Matrix-animation-input-array" count="45"><param name="TIME" type="float"/></accessor></technique_common></source><source id="mixamorig_Spine1-Matrix-animation-output-transform"><float_array id="mixamorig_Spine1-Matrix-animation-output-transform-array" count="720">

0.991832 0.053324 0.115869 -0.000100 -0.043265 0.995210 -0.087661 11.645400 -0.119988 0.081932 0.989389 -1.422300 0.000000 0.000000 0.000000 1.000000
0.991202 0.054532 0.120605 -0.000100 -0.044059 0.995157 -0.087868 11.645400 -0.124812 0.081781 0.988804 -1.422300 0.000000 0.000000 0.000000 1.000000
0.990724 0.056204 0.123723 -0.000100 -0.045491 0.995101 -0.087776 11.645400 -0.128051 0.081334 0.988427 -1.422300 0.000000 0.000000 0.000000 1.000000
0.990453 0.058242 0.124939 -0.000100 -0.047519 0.995061 -0.087152 11.645400 -0.129398 0.080383 0.988329 -1.422300 0.000000 0.000000 0.000000 1.000000
0.990418 0.060331 0.124225 -0.000100 -0.049863 0.995071 -0.085716 11.645400 -0.128784 0.078701 0.988545 -1.422300 0.000000 0.000000 0.000000 1.000000
0.990576 0.062145 0.122056 -0.000100 -0.052162 0.995154 -0.083347 11.645400 -0.126644 0.076195 0.989018 -1.422300 0.000000 0.000000 0.000000 1.000000
0.990838 0.063364 0.119269 -0.000100 -0.054001 0.995318 -0.080158 11.645400 -0.123790 0.072983 0.989621 -1.422300 0.000000 0.000000 0.000000 1.000000
0.991102 0.063831 0.116804 -0.000100 -0.055094 0.995542 -0.076562 11.645400 -0.121170 0.069446 0.990200 -1.422300 0.000000 0.000000 0.000000 1.000000
0.991286 0.063605 0.115353 -0.000100 -0.055377 0.995780 -0.073183 11.645400 -0.119521 0.066157 0.990625 -1.422300 0.000000 0.000000 0.000000 1.000000
0.991358 0.062927 0.115103 -0.000100 -0.055016 0.995982 -0.070665 11.645400 -0.119087 0.063722 0.990837 -1.422300 0.000000 0.000000 0.000000 1.000000
0.991337 0.062141 0.115710 -0.000100 -0.054335 0.996106 -0.069435 11.645400 -0.119574 0.062547 0.990853 -1.422300 0.000000 0.000000 0.000000 1.000000
0.991279 0.061528 0.116536 -0.000100 -0.053655 0.996136 -0.069535 11.645400 -0.120364 0.062676 0.990749 -1.422300 0.000000 0.000000 0.000000 1.000000
0.991240 0.061196 0.117037 -0.000100 -0.053157 0.996086 -0.070626 11.645400 -0.120901 0.063786 0.990613 -1.422300 0.000000 0.000000 0.000000 1.000000
0.991248 0.060995 0.117073 -0.000100 -0.052765 0.995997 -0.072158 11.645400 -0.121005 0.065349 0.990498 -1.422300 0.000000 0.000000 0.000000 1.000000
0.991286 0.060584 0.116970 -0.000100 -0.052183 0.995922 -0.073596 11.645400 -0.120952 0.066851 0.990405 -1.422300 0.000000 0.000000 0.000000 1.000000
0.991294 0.059801 0.117306 -0.000100 -0.051252 0.995896 -0.074593 11.645400 -0.121285 0.067931 0.990290 -1.422300 0.000000 0.000000 0.000000 1.000000
0.991218 0.058603 0.118544 -0.000100 -0.049901 0.995927 -0.075093 11.645400 -0.122462 0.068518 0.990105 -1.422300 0.000000 0.000000 0.000000 1.000000
0.991048 0.056961 0.120746 -0.000100 -0.048070 0.996001 -0.075311 11.645400 -0.124553 0.068833 0.989823 -1.422300 0.000000 0.000000 0.000000 1.000000
0.990792 0.055407 0.123539 -0.000100 -0.046294 0.996074 -0.075455 11.645400 -0.127234 0.069042 0.989467 -1.422300 0.000000 0.000000 0.000000 1.000000
0.990488 0.054501 0.126345 -0.000100 -0.045162 0.996112 -0.075639 11.645400 -0.129976 0.069214 0.989098 -1.422300 0.000000 0.000000 0.000000 1.000000
0.990168 0.054709 0.128742 -0.000100 -0.045178 0.996097 -0.075822 11.645400 -0.132388 0.069261 0.988775 -1.422300 0.000000 0.000000 0.000000 1.000000
0.989827 0.056179 0.130716 -0.000100 -0.046514 0.996034 -0.075850 11.645400 -0.134458 0.068998 0.988514 -1.422300 0.000000 0.000000 0.000000 1.000000
0.989417 0.058739 0.132677 -0.000100 -0.048999 0.995940 -0.075520 11.645400 -0.136574 0.068220 0.988278 -1.422300 0.000000 0.000000 0.000000 1.000000
0.988875 0.061982 0.135219 -0.000100 -0.052207 0.995840 -0.074675 11.645400 -0.139285 0.066785 0.987998 -1.422300 0.000000 0.000000 0.000000 1.000000
0.988161 0.065424 0.138768 -0.000100 -0.055637 0.995759 -0.073274 11.645400 -0.142974 0.064686 0.987610 -1.422300 0.000000 0.000000 0.000000 1.000000
0.987288 0.068695 0.143331 -0.000100 -0.058914 0.995706 -0.071406 11.645400 -0.147621 0.062054 0.987095 -1.422300 0.000000 0.000000 0.000000 1.000000
0.986317 0.071662 0.148472 -0.000100 -0.061916 0.995675 -0.069262 11.645400 -0.152793 0.059121 0.986488 -1.422300 0.000000 0.000000 0.000000 1.000000
0.985340 0.074413 0.153521 -0.000100 -0.064741 0.995646 -0.067071 11.645400 -0.157843 0.056148 0.985867 -1.422300 0.000000 0.000000 0.000000 1.000000
0.984445 0.077098 0.157875 -0.000100 -0.067540 0.995594 -0.065045 11.645400 -0.162194 0.053370 0.985314 -1.422300 0.000000 0.000000 0.000000 1.000000
0.983696 0.079686 0.161219 -0.000100 -0.070262 0.995516 -0.063340 11.645400 -0.165543 0.050980 0.984884 -1.422300 0.000000 0.000000 0.000000 1.000000
0.983143 0.081763 0.163535 -0.000100 -0.072467 0.995440 -0.062038 11.645400 -0.167862 0.049142 0.984585 -1.422300 0.000000 0.000000 0.000000 1.000000
0.982846 0.082565 0.164913 -0.000100 -0.073356 0.995427 -0.061181 11.645400 -0.169211 0.048034 0.984409 -1.422300 0.000000 0.000000 0.000000 1.000000
0.982892 0.081264 0.165285 -0.000100 -0.072084 0.995543 -0.060813 11.645400 -0.169491 0.047858 0.984369 -1.422300 0.000000 0.000000 0.000000 1.000000
0.983374 0.077400 0.164269 -0.000100 -0.068185 0.995805 -0.061021 11.645400 -0.168303 0.048806 0.984526 -1.422300 0.000000 0.000000 0.000000 1.000000
0.984339 0.071259 0.161241 -0.000100 -0.061963 0.996153 -0.061970 11.645400 -0.165037 0.051009 0.984968 -1.422300 0.000000 0.000000 0.000000 1.000000
0.985748 0.063836 0.155648 -0.000100 -0.054460 0.996477 -0.063781 11.645400 -0.159171 0.054395 0.985751 -1.422300 0.000000 0.000000 0.000000 1.000000
0.987450 0.056718 0.147393 -0.000100 -0.047305 0.996657 -0.066608 11.645400 -0.150678 0.058800 0.986833 -1.422300 0.000000 0.000000 0.000000 1.000000
0.989221 0.051385 0.137117 -0.000100 -0.042011 0.996633 -0.070408 11.645400 -0.140274 0.063889 0.988049 -1.422300 0.000000 0.000000 0.000000 1.000000
0.990823 0.048437 0.126191 -0.000100 -0.039207 0.996441 -0.074626 11.645400 -0.129357 0.068994 0.989195 -1.422300 0.000000 0.000000 0.000000 1.000000
0.992057 0.047843 0.116335 -0.000100 -0.038801 0.996136 -0.078786 11.645400 -0.119655 0.073647 0.990080 -1.422300 0.000000 0.000000 0.000000 1.000000
0.992830 0.048851 0.109095 -0.000100 -0.039948 0.995802 -0.082352 11.645400 -0.112660 0.077404 0.990614 -1.422300 0.000000 0.000000 0.000000 1.000000
0.993146 0.050585 0.105370 -0.000100 -0.041679 0.995503 -0.085073 11.645400 -0.109199 0.080098 0.990787 -1.422300 0.000000 0.000000 0.000000 1.000000
0.993079 0.052162 0.105233 -0.000100 -0.043083 0.995296 -0.086778 11.645400 -0.109265 0.081644 0.990654 -1.422300 0.000000 0.000000 0.000000 1.000000
0.992724 0.053105 0.108067 -0.000100 -0.043705 0.995199 -0.087566 11.645400 -0.112198 0.082206 0.990280 -1.422300 0.000000 0.000000 0.000000 1.000000
0.992173 0.053422 0.112863 -0.000100 -0.043602 0.995188 -0.087751 11.645400 -0.117008 0.082143 0.989728 -1.422300 0.000000 0.000000 0.000000 1.000000</float_array><technique_common><accessor source="#mixamorig_Spine1-Matrix-animation-output-transform-array" count="45" stride="16"><param type="float4x4"/></accessor></technique_common></source><source id="mixamorig_Spine1-Interpolations"><Name_array id="mixamorig_Spine1-Interpolations-array" count="45">
 LINEAR LINEAR LINEAR LINEAR LINEAR LINEAR LINEAR LINEAR LINEAR LINEAR LINEAR
LINEAR LINEAR LINEAR LINEAR LINEAR LINEAR LINEAR LINEAR LINEAR LINEAR LINEAR LINEAR
LINEAR LINEAR LINEAR LINEAR LINEAR LINEAR LINEAR LINEAR LINEAR LINEAR LINEAR LINEAR
LINEAR LINEAR LINEAR LINEAR LINEAR LINEAR LINEAR LINEAR LINEAR LINEAR</Name_array><technique_common><accessor source="#mixamorig_Spine1-Interpolations-array" count="45"><param type="name"/></accessor></technique_common></source><sampler id="mixamorig_Spine1-Matrix-animation-transform"><input semantic="INPUT" source="#mixamorig_Spine1-Matrix-animation-input"/><input semantic="OUTPUT" source="#mixamorig_Spine1-Matrix-animation-output-transform"/><input semantic="INTERPOLATION" source="#mixamorig_Spine1-Interpolations"/></sampler><channel source="#mixamorig_Spine1-Matrix-animation-transform" target="mixamorig_Spine1/matrix"/></animation>
    <animation id="mixamorig_Spine2-anim" name="mixamorig_Spine2"><source id="mixamorig_Spine2-Matrix-animation-input"><float_array id="mixamorig_Spine2-Matrix-animation-input-array" count="45">

0.000000 0.033333 0.066667 0.100000 0.133333 0.166667 0.200000 0.233333 0.266667 0.300000 0.333333 0.366667 0.400000 0.433333 0.466667 0.500000
0.533333 0.566667 0.600000 0.633333 0.666667 0.700000 0.733333 0.766667 0.800000 0.833333 0.866667 0.900000 0.933333 0.966667 1.000000 1.033333
1.066667 1.100000 1.133333 1.166667 1.200000 1.233333 1.266667 1.300000 1.333333 1.366667 1.400000 1.433333 1.466667</float_array><technique_common><accessor source="#mixamorig_Spine2-Matrix-animation-input-array" count="45"><param name="TIME" type="float"/></accessor></technique_common></source><source id="mixamorig_Spine2-Matrix-animation-output-transform"><float_array id="mixamorig_Spine2-Matrix-animation-output-transform-array" count="720">

0.991875 0.053404 0.115468 0.000100 -0.043318 0.995164 -0.088162 13.360200 -0.119618 0.082444 0.989391 -1.626500 0.000000 0.000000 0.000000 1.000000
0.991250 0.054605 0.120176 0.000100 -0.044097 0.995106 -0.088430 13.360200 -0.124417 0.082357 0.988806 -1.626500 0.000000 0.000000 0.000000 1.000000
0.990780 0.056277 0.123243 0.000100 -0.045520 0.995042 -0.088423 13.360200 -0.127608 0.081998 0.988429 -1.626500 0.000000 0.000000 0.000000 1.000000
0.990519 0.058325 0.124381 0.000100 -0.047549 0.994993 -0.087912 13.360200 -0.128886 0.081164 0.988332 -1.626500 0.000000 0.000000 0.000000 1.000000
0.990494 0.060437 0.123570 0.000100 -0.049907 0.994992 -0.086606 13.360200 -0.128185 0.079616 0.988549 -1.626500 0.000000 0.000000 0.000000 1.000000
0.990660 0.062287 0.121294 0.000100 -0.052234 0.995064 -0.084374 13.360200 -0.125951 0.077251 0.989024 -1.626500 0.000000 0.000000 0.000000 1.000000
0.990929 0.063550 0.118413 0.000100 -0.054110 0.995219 -0.081305 13.360200 -0.123014 0.074161 0.989630 -1.626500 0.000000 0.000000 0.000000 1.000000
0.991194 0.064062 0.115890 0.000100 -0.055242 0.995439 -0.077781 13.360200 -0.120344 0.070694 0.990212 -1.626500 0.000000 0.000000 0.000000 1.000000
0.991375 0.063874 0.114436 0.000100 -0.055562 0.995679 -0.074406 13.360200 -0.118694 0.067406 0.990640 -1.626500 0.000000 0.000000 0.000000 1.000000
0.991440 0.063216 0.114239 0.000100 -0.055224 0.995888 -0.071820 13.360200 -0.118310 0.064896 0.990854 -1.626500 0.000000 0.000000 0.000000 1.000000
0.991409 0.062428 0.114935 0.000100 -0.054548 0.996021 -0.070475 13.360200 -0.118877 0.063600 0.990870 -1.626500 0.000000 0.000000 0.000000 1.000000
0.991342 0.061792 0.115853 0.000100 -0.053852 0.996060 -0.070457 13.360200 -0.119750 0.063608 0.990764 -1.626500 0.000000 0.000000 0.000000 1.000000
0.991299 0.061426 0.116418 0.000100 -0.053325 0.996016 -0.071471 13.360200 -0.120344 0.064641 0.990625 -1.626500 0.000000 0.000000 0.000000 1.000000
0.991307 0.061187 0.116477 0.000100 -0.052897 0.995930 -0.072982 13.360200 -0.120468 0.066186 0.990508 -1.626500 0.000000 0.000000 0.000000 1.000000
0.991346 0.060744 0.116372 0.000100 -0.052283 0.995855 -0.074431 13.360200 -0.120411 0.067703 0.990413 -1.626500 0.000000 0.000000 0.000000 1.000000
0.991357 0.059943 0.116701 0.000100 -0.051333 0.995828 -0.075442 13.360200 -0.120736 0.068800 0.990298 -1.626500 0.000000 0.000000 0.000000 1.000000
0.991280 0.058745 0.117957 0.000100 -0.049983 0.995861 -0.075916 13.360200 -0.121929 0.069359 0.990113 -1.626500 0.000000 0.000000 0.000000 1.000000
0.991100 0.057112 0.120242 0.000100 -0.048170 0.995943 -0.076009 13.360200 -0.124095 0.069541 0.989831 -1.626500 0.000000 0.000000 0.000000 1.000000
0.990828 0.055575 0.123172 0.000100 -0.046427 0.996031 -0.075938 13.360200 -0.126903 0.069523 0.989476 -1.626500 0.000000 0.000000 0.000000 1.000000
0.990503 0.054697 0.126144 0.000100 -0.045346 0.996088 -0.075847 13.360200 -0.129799 0.069406 0.989108 -1.626500 0.000000 0.000000 0.000000 1.000000
0.990160 0.054951 0.128699 0.000100 -0.045436 0.996092 -0.075739 13.360200 -0.132358 0.069146 0.988787 -1.626500 0.000000 0.000000 0.000000 1.000000
0.989799 0.056488 0.130796 0.000100 -0.046868 0.996044 -0.075497 13.360200 -0.134543 0.068597 0.988530 -1.626500 0.000000 0.000000 0.000000 1.000000
0.989373 0.059143 0.132829 0.000100 -0.049475 0.995960 -0.074942 13.360200 -0.136724 0.067573 0.988302 -1.626500 0.000000 0.000000 0.000000 1.000000
0.988819 0.062510 0.135384 0.000100 -0.052834 0.995863 -0.073924 13.360200 -0.139445 0.065945 0.988032 -1.626500 0.000000 0.000000 0.000000 1.000000
0.988098 0.066106 0.138893 0.000100 -0.056442 0.995777 -0.072405 13.360200 -0.143093 0.063703 0.987657 -1.626500 0.000000 0.000000 0.000000 1.000000
0.987222 0.069553 0.143374 0.000100 -0.059916 0.995713 -0.070473 13.360200 -0.147661 0.060982 0.987156 -1.626500 0.000000 0.000000 0.000000 1.000000
0.986251 0.072700 0.148405 0.000100 -0.063113 0.995665 -0.068319 13.360200 -0.152728 0.058013 0.986564 -1.626500 0.000000 0.000000 0.000000 1.000000
0.985278 0.075613 0.153330 0.000100 -0.066109 0.995616 -0.066173 13.360200 -0.157661 0.055062 0.985957 -1.626500 0.000000 0.000000 0.000000 1.000000
0.984390 0.078422 0.157562 0.000100 -0.069028 0.995544 -0.064242 13.360200 -0.161898 0.052363 0.985417 -1.626500 0.000000 0.000000 0.000000 1.000000
0.983651 0.081075 0.160801 0.000100 -0.071803 0.995448 -0.062668 13.360200 -0.165150 0.050097 0.984995 -1.626500 0.000000 0.000000 0.000000 1.000000
0.983108 0.083152 0.163048 0.000100 -0.073987 0.995361 -0.061505 13.360200 -0.167406 0.048402 0.984699 -1.626500 0.000000 0.000000 0.000000 1.000000
0.982819 0.083894 0.164405 0.000100 -0.074799 0.995346 -0.060759 13.360200 -0.168737 0.047417 0.984520 -1.626500 0.000000 0.000000 0.000000 1.000000
0.982869 0.082495 0.164813 0.000100 -0.073417 0.995468 -0.060445 13.360200 -0.169053 0.047310 0.984471 -1.626500 0.000000 0.000000 0.000000 1.000000
0.983349 0.078522 0.163885 0.000100 -0.069405 0.995744 -0.060638 13.360200 -0.167949 0.048254 0.984614 -1.626500 0.000000 0.000000 0.000000 1.000000
0.984308 0.072280 0.160978 0.000100 -0.063086 0.996110 -0.061516 13.360200 -0.164799 0.050396 0.985039 -1.626500 0.000000 0.000000 0.000000 1.000000
0.985708 0.064779 0.155512 0.000100 -0.055509 0.996454 -0.063233 13.360200 -0.159057 0.053697 0.985808 -1.626500 0.000000 0.000000 0.000000 1.000000
0.987405 0.057586 0.147360 0.000100 -0.048275 0.996651 -0.066001 13.360200 -0.150667 0.058056 0.986878 -1.626500 0.000000 0.000000 0.000000 1.000000
0.989178 0.052152 0.137140 0.000100 -0.042865 0.996638 -0.069827 13.360200 -0.140321 0.063193 0.988087 -1.626500 0.000000 0.000000 0.000000 1.000000
0.990788 0.049093 0.126213 0.000100 -0.039928 0.996448 -0.074149 13.360200 -0.129405 0.068427 0.989228 -1.626500 0.000000 0.000000 0.000000 1.000000
0.992035 0.048371 0.116305 0.000100 -0.039370 0.996138 -0.078483 13.360200 -0.119652 0.073279 0.990108 -1.626500 0.000000 0.000000 0.000000 1.000000
0.992823 0.049246 0.108983 0.000100 -0.040364 0.995794 -0.082256 13.360200 -0.112576 0.077266 0.990634 -1.626500 0.000000 0.000000 0.000000 1.000000
0.993154 0.050848 0.105164 0.000100 -0.041947 0.995482 -0.085185 13.360200 -0.109020 0.080190 0.990800 -1.626500 0.000000 0.000000 0.000000 1.000000
0.993101 0.052324 0.104944 0.000100 -0.043238 0.995264 -0.087063 13.360200 -0.109002 0.081925 0.990660 -1.626500 0.000000 0.000000 0.000000 1.000000
0.992757 0.053207 0.107716 0.000100 -0.043791 0.995160 -0.087971 13.360200 -0.111875 0.082617 0.990282 -1.626500 0.000000 0.000000 0.000000 1.000000
0.992214 0.053499 0.112472 0.000100 -0.043656 0.995143 -0.088232 13.360200 -0.116646 0.082634 0.989730 -1.626500 0.000000 0.000000 0.000000 1.000000</float_array><technique_common><accessor source="#mixamorig_Spine2-Matrix-animation-output-transform-array" count="45" stride="16"><param type="float4x4"/></accessor></technique_common></source><source id="mixamorig_Spine2-Interpolations"><Name_array id="mixamorig_Spine2-Interpolations-array" count="45">
 LINEAR LINEAR LINEAR LINEAR LINEAR LINEAR LINEAR LINEAR LINEAR LINEAR LINEAR
LINEAR LINEAR LINEAR LINEAR LINEAR LINEAR LINEAR LINEAR LINEAR LINEAR LINEAR LINEAR
LINEAR LINEAR LINEAR LINEAR LINEAR LINEAR LINEAR LINEAR LINEAR LINEAR LINEAR LINEAR
LINEAR LINEAR LINEAR LINEAR LINEAR LINEAR LINEAR LINEAR LINEAR LINEAR</Name_array><technique_common><accessor source="#mixamorig_Spine2-Interpolations-array" count="45"><param type="name"/></accessor></technique_common></source><sampler id="mixamorig_Spine2-Matrix-animation-transform"><input semantic="INPUT" source="#mixamorig_Spine2-Matrix-animation-input"/><input semantic="OUTPUT" source="#mixamorig_Spine2-Matrix-animation-output-transform"/><input semantic="INTERPOLATION" source="#mixamorig_Spine2-Interpolations"/></sampler><channel source="#mixamorig_Spine2-Matrix-animation-transform" target="mixamorig_Spine2/matrix"/></animation>
    <animation id="mixamorig_Neck-anim" name="mixamorig_Neck"><source id="mixamorig_Neck-Matrix-animation-input"><float_array id="mixamorig_Neck-Matrix-animation-input-array" count="45">

0.000000 0.033333 0.066667 0.100000 0.133333 0.166667 0.200000 0.233333 0.266667 0.300000 0.333333 0.366667 0.400000 0.433333 0.466667 0.500000
0.533333 0.566667 0.600000 0.633333 0.666667 0.700000 0.733333 0.766667 0.800000 0.833333 0.866667 0.900000 0.933333 0.966667 1.000000 1.033333
1.066667 1.100000 1.133333 1.166667 1.200000 1.233333 1.266667 1.300000 1.333333 1.366667 1.400000 1.433333 1.466667</float_array><technique_common><accessor source="#mixamorig_Neck-Matrix-animation-input-array" count="45"><param name="TIME" type="float"/></accessor></technique_common></source><source id="mixamorig_Neck-Matrix-animation-output-transform"><float_array id="mixamorig_Neck-Matrix-animation-output-transform-array" count="720">

0.982759 -0.047650 0.178646 0.000000 0.052273 0.998406 -0.021260 15.032500 -0.177348 0.030232 0.983684 0.792900 0.000000 0.000000 0.000000 1.000000
0.982901 -0.038997 0.179960 -0.000000 0.044941 0.998567 -0.029069 15.032500 -0.178568 0.036659 0.983244 0.792900 0.000000 0.000000 0.000000 1.000000
0.982955 -0.032859 0.180888 0.000000 0.039855 0.998586 -0.035175 15.032500 -0.179476 0.041785 0.982874 0.792900 0.000000 0.000000 0.000000 1.000000
0.982971 -0.029448 0.181385 -0.000000 0.037191 0.998530 -0.039436 15.032500 -0.179957 0.045511 0.982621 0.792900 0.000000 0.000000 0.000000 1.000000
0.982982 -0.028570 0.181468 0.000000 0.036759 0.998444 -0.041924 15.032500 -0.179988 0.047881 0.982503 0.792900 0.000000 0.000000 0.000000 1.000000
0.982995 -0.029458 0.181254 -0.000000 0.037844 0.998359 -0.042980 15.032500 -0.179690 0.049109 0.982497 0.792900 0.000000 0.000000 0.000000 1.000000
0.983004 -0.031145 0.180922 0.000000 0.039539 0.998294 -0.042972 15.032500 -0.179275 0.049395 0.982558 0.792900 0.000000 0.000000 0.000000 1.000000
0.983002 -0.032787 0.180643 0.000000 0.041045 0.998267 -0.042166 15.032500 -0.178947 0.048864 0.982645 0.792900 0.000000 0.000000 0.000000 1.000000
0.982984 -0.033887 0.180537 0.000000 0.041895 0.998292 -0.040727 15.032500 -0.178849 0.047598 0.982725 0.792900 0.000000 0.000000 0.000000 1.000000
0.982949 -0.034352 0.180641 -0.000000 0.042021 0.998363 -0.038796 15.032500 -0.179013 0.045725 0.982784 0.792900 0.000000 0.000000 0.000000 1.000000
0.982897 -0.034374 0.180919 0.000000 0.041648 0.998463 -0.036560 15.032500 -0.179385 0.043469 0.982818 0.792900 0.000000 0.000000 0.000000 1.000000
0.982831 -0.034229 0.181304 0.000000 0.041096 0.998568 -0.034254 15.032500 -0.179872 0.041116 0.982830 0.792900 0.000000 0.000000 0.000000 1.000000
0.982754 -0.034110 0.181745 0.000000 0.040597 0.998660 -0.032091 15.032500 -0.180407 0.038915 0.982822 0.792900 0.000000 0.000000 0.000000 1.000000
0.982666 -0.034047 0.182230 0.000000 0.040202 0.998736 -0.030186 15.032500 -0.180972 0.036989 0.982792 0.792900 0.000000 0.000000 0.000000 1.000000
0.982568 -0.033938 0.182781 -0.000000 0.039810 0.998799 -0.028552 15.032500 -0.181592 0.035331 0.982739 0.792900 0.000000 0.000000 0.000000 1.000000
0.982461 -0.033627 0.183412 0.000000 0.039259 0.998860 -0.027162 15.032500 -0.182290 0.033886 0.982661 0.792900 0.000000 0.000000 0.000000 1.000000
0.982354 -0.032994 0.184099 -0.000000 0.038432 0.998922 -0.026044 15.032500 -0.183041 0.032660 0.982563 0.792900 0.000000 0.000000 0.000000 1.000000
0.982262 -0.032014 0.184759 0.000000 0.037318 0.998983 -0.025304 15.032500 -0.183761 0.031750 0.982458 0.792900 0.000000 0.000000 0.000000 1.000000
0.982204 -0.030762 0.185280 -0.000000 0.036017 0.999037 -0.025062 15.032500 -0.184331 0.031289 0.982366 0.792900 0.000000 0.000000 0.000000 1.000000
0.982191 -0.029378 0.185576 0.000000 0.034672 0.999077 -0.025347 15.032500 -0.184660 0.031330 0.982303 0.792900 0.000000 0.000000 0.000000 1.000000
0.982220 -0.027996 0.185635 -0.000000 0.033397 0.999103 -0.026031 15.032500 -0.184739 0.031768 0.982274 0.792900 0.000000 0.000000 0.000000 1.000000
0.982274 -0.026688 0.185540 0.000000 0.032219 0.999120 -0.026858 15.032500 -0.184660 0.032360 0.982270 0.792900 0.000000 0.000000 0.000000 1.000000
